CurrentTotalRuntime;Testname;RuntimeToGetCoverage;RuntimeOriginal;KilledByTest;AnalyzedByTest;CoveredByTest;TotalKilled;TotalFailure;TotalException;TotalTimeout;LiveMutants;TotalAnalyzed
4126;de.outstare.fortbattleplayer.statistics.BattleStatisticsTest$testAmountOfDefenseBonus;93;1;41;194;194;41;5;36;0;505;194
7209;de.outstare.fortbattleplayer.statistics.BattleStatisticsTest$testNumberOfOffliners;38;1;16;167;208;57;21;36;0;489;361
11188;de.outstare.fortbattleplayer.statistics.BattleStatisticsTest$testRoundsTillOnline;39;1;20;231;281;77;41;36;0;469;592
15104;de.outstare.fortbattleplayer.statistics.BattleStatisticsTest$testAverageRoundsOnline;34;1;20;228;281;97;61;36;0;449;820
16759;de.outstare.fortbattleplayer.statistics.BattleStatisticsTest$testTargetNoOne;28;1;10;109;128;107;68;39;0;439;929
18053;de.outstare.fortbattleplayer.statistics.BattleStatisticsTest$testCriticalHits;29;1;5;82;102;112;71;41;0;434;1011
18255;de.outstare.fortbattleplayer.statistics.CombatantStatisticTest$testSurvivedPlayers;23;1;11;22;22;123;79;44;0;423;1033
18496;de.outstare.fortbattleplayer.statistics.CombatantStatisticTest$testInitialHealthPerPlayerOne;27;1;9;18;25;132;88;44;0;414;1051
18592;de.outstare.fortbattleplayer.statistics.CombatantStatisticTest$testInitialHealthPerPlayerMultiple;47;1;1;9;21;133;89;44;0;413;1060
18823;de.outstare.fortbattleplayer.statistics.CombatantStatisticTest$testAverageWeaponDamageMultiple;26;1;14;26;39;147;102;45;0;399;1086
18905;de.outstare.fortbattleplayer.statistics.CombatantStatisticTest$testCausedDamagePerPlayerMultiple;24;1;0;8;21;147;102;45;0;399;1094
19048;de.outstare.fortbattleplayer.statistics.CombatantStatisticTest$testShotsFiredWholeSide;23;1;4;11;21;151;106;45;0;395;1105
19113;de.outstare.fortbattleplayer.statistics.CombatantStatisticTest$testHitsWholeSide;24;1;0;7;17;151;106;45;0;395;1112
19659;de.outstare.fortbattleplayer.statistics.CombatantStatisticTest$testAverageLifetimeOne;28;1;32;55;66;183;138;45;0;363;1167
19806;de.outstare.fortbattleplayer.statistics.CombatantStatisticTest$testNumberOfDuelants;28;1;14;21;26;197;151;46;0;349;1188
19896;de.outstare.fortbattleplayer.statistics.CombatantStatisticTest$testNumberOfGreenhorns;27;1;0;7;26;197;151;46;0;349;1195
19952;de.outstare.fortbattleplayer.statistics.CombatantStatisticTest$testNumberOfWorkers;17;1;0;7;26;197;151;46;0;349;1202
20025;de.outstare.fortbattleplayer.statistics.CombatantStatisticTest$testAverageLevelOne;21;1;1;7;25;198;152;46;0;348;1209
20086;de.outstare.fortbattleplayer.statistics.CombatantStatisticTest$testAverageLevelMultiple;19;1;0;6;21;198;152;46;0;348;1215
20132;de.outstare.fortbattleplayer.statistics.CombatantStatisticTest$testInitialHealthWholeSideMultiple;21;1;0;6;15;198;152;46;0;348;1221
20264;de.outstare.fortbattleplayer.statistics.CombatantStatisticTest$testEndHealthPerPlayer;22;1;2;18;41;200;154;46;0;346;1239
20456;de.outstare.fortbattleplayer.statistics.CombatantStatisticTest$testEndHealthPerPlayerMultiple;15;1;1;16;37;201;155;46;0;345;1255
20547;de.outstare.fortbattleplayer.statistics.CombatantStatisticTest$testEndHealthWholeSide;15;1;0;9;22;201;155;46;0;345;1264
20606;de.outstare.fortbattleplayer.statistics.CombatantStatisticTest$testMaxPossibleHealthPerPlayer;15;1;0;6;25;201;155;46;0;345;1270
20648;de.outstare.fortbattleplayer.statistics.CombatantStatisticTest$testMaxPossibleHealthPerPlayerMultiple;19;1;0;6;21;201;155;46;0;345;1276
20694;de.outstare.fortbattleplayer.statistics.CombatantStatisticTest$testMaxPossibleHealthWholeSideMultiple;16;1;0;6;15;201;155;46;0;345;1282
20750;de.outstare.fortbattleplayer.statistics.CombatantStatisticTest$testCausedDamageWholeSide;16;1;0;6;17;201;155;46;0;345;1288
20860;de.outstare.fortbattleplayer.statistics.CombatantStatisticTest$testCausedDamageWholeSideMultiple;16;1;0;6;15;201;155;46;0;345;1294
20936;de.outstare.fortbattleplayer.statistics.CombatantStatisticTest$testShotsFiredPerPlayer;41;1;4;10;29;205;159;46;0;341;1304
21004;de.outstare.fortbattleplayer.statistics.CombatantStatisticTest$testShotsFiredPerPlayerMultiple;16;1;0;6;27;205;159;46;0;341;1310
21058;de.outstare.fortbattleplayer.statistics.CombatantStatisticTest$testHitsPerPlayer;16;1;0;6;25;205;159;46;0;341;1316
21121;de.outstare.fortbattleplayer.statistics.CombatantStatisticTest$testHitsPerPlayerMultiple;24;1;0;6;21;205;159;46;0;341;1322
21166;de.outstare.fortbattleplayer.statistics.CombatantStatisticTest$testTakenDamagePerPlayer;15;1;0;6;25;205;159;46;0;341;1328
21208;de.outstare.fortbattleplayer.statistics.CombatantStatisticTest$testTakenDamagePerPlayerMultiple;15;1;0;6;21;205;159;46;0;341;1334
21261;de.outstare.fortbattleplayer.statistics.CombatantStatisticTest$testTakenDamageWholeSideMultiple;17;1;0;6;15;205;159;46;0;341;1340
21582;de.outstare.fortbattleplayer.statistics.CombatantStatisticTest$testAverageHitDamage;19;1;10;17;28;215;169;46;0;331;1357
21638;de.outstare.fortbattleplayer.statistics.CombatantStatisticTest$testaverageHitDamageMultiple;19;1;0;7;28;215;169;46;0;331;1364
21672;de.outstare.fortbattleplayer.statistics.CombatantStatisticTest$testDodgesPerPlayer;27;1;0;6;25;215;169;46;0;331;1370
21707;de.outstare.fortbattleplayer.statistics.CombatantStatisticTest$testDodgesPerPlayerMultiple;14;1;0;6;21;215;169;46;0;331;1376
21745;de.outstare.fortbattleplayer.statistics.CombatantStatisticTest$testDodgesWholeSide;15;1;0;6;17;215;169;46;0;331;1382
21789;de.outstare.fortbattleplayer.statistics.CombatantStatisticTest$testNumberOfPlayersOne;16;1;0;6;14;215;169;46;0;331;1388
23913;de.outstare.fortbattleplayer.statistics.BattleStatisticsTest$testAmountOfAttackBonus;29;2;1;137;194;216;170;46;0;330;1525
24843;de.outstare.fortbattleplayer.statistics.BattleStatisticsTest$testNumberOfMovesPerPlayer;18;2;9;66;88;225;179;46;0;321;1591
25654;de.outstare.fortbattleplayer.statistics.BattleStatisticsTest$testNumberOfMovesPerPlayerMultiple;25;2;0;57;88;225;179;46;0;321;1648
27084;de.outstare.fortbattleplayer.statistics.BattleStatisticsTest$testTotalSwaps;18;2;4;113;135;229;180;49;0;317;1761
27166;de.outstare.fortbattleplayer.statistics.CombatantStatisticTest$testAverageWeaponDamageOne;14;2;0;10;41;229;180;49;0;317;1771
27207;de.outstare.fortbattleplayer.statistics.CombatantStatisticTest$testCausedDamagePerPlayerOne;15;2;0;6;25;229;180;49;0;317;1777
27427;de.outstare.fortbattleplayer.statistics.CombatantStatisticTest$testAverageLifetimeMultiple;30;2;6;21;62;235;186;49;0;311;1798
27477;de.outstare.fortbattleplayer.statistics.CombatantStatisticTest$testNumberOfAdventurers;13;2;0;7;26;235;186;49;0;311;1805
27531;de.outstare.fortbattleplayer.statistics.CombatantStatisticTest$testNumberOfSoldiers;10;2;0;7;26;235;186;49;0;311;1812
27584;de.outstare.fortbattleplayer.statistics.CombatantStatisticTest$testInitialHealthWholeSideOne;13;2;0;6;17;235;186;49;0;311;1818
27657;de.outstare.fortbattleplayer.statistics.CombatantStatisticTest$testEndHealthWholeSideMultiple;14;2;0;9;20;235;186;49;0;311;1827
27704;de.outstare.fortbattleplayer.statistics.CombatantStatisticTest$testMaxPossibleHealthWholeSide;14;2;0;6;17;235;186;49;0;311;1833
27748;de.outstare.fortbattleplayer.statistics.CombatantStatisticTest$testTakenDamageWholeSide;14;2;0;6;17;235;186;49;0;311;1839
27807;de.outstare.fortbattleplayer.statistics.CombatantStatisticTest$testNumberOfClasses;12;3;1;7;26;236;187;49;0;310;1846
27860;de.outstare.fortbattleplayer.statistics.CombatantStatisticTest$testNumberOfPlayersMultiple;14;7;0;6;12;236;187;49;0;310;1852
32455;de.outstare.fortbattleplayer.statistics.BattleStatisticsTest$testAverageRoundsOnlineMultiple;43;9;1;200;280;237;188;49;0;309;2052
35782;de.outstare.fortbattleplayer.statistics.BattleStatisticsTest$testPercentAbleToShoot;27;34;30;181;246;267;216;51;0;279;2233
47579;de.outstare.fortbattleplayer.statistics.BattleStatisticsTest$testPercentAbleToShootMultiple;174;67;1;151;246;268;217;51;0;278;2384
