CurrentTotalRuntime;Testname;RuntimeToGetCoverage;RuntimeOriginal;KilledByTest;AnalyzedByTest;CoveredByTest;TotalKilled;TotalFailure;TotalException;TotalTimeout;LiveMutants;TotalAnalyzed
39194;org.jbehave.core.ConfigurableEmbedderBehaviour$null;146;213;26;111;111;26;6;18;2;2444;111
39194;org.jbehave.core.InjectableEmbedderBehaviour$null;91;139;0;0;0;26;6;18;2;2444;111
123293;org.jbehave.core.configuration.AnnotationBuilderBehaviour$null;77;111;102;191;214;128;6;80;42;2342;302
123824;org.jbehave.core.configuration.KeywordsBehaviour$null;5;2;34;37;40;162;6;112;44;2308;339
127546;org.jbehave.core.configuration.ParanamerConfigurationBehaviour$null;25;29;15;43;103;177;6;113;58;2293;382
131348;org.jbehave.core.configuration.PropertyBasedConfigurationBehaviour$null;28;51;10;30;104;187;6;114;67;2283;412
136195;org.jbehave.core.configuration.UnmodifiableConfigurationBehaviour$null;42;48;2;21;104;189;6;115;68;2281;433
5937425;org.jbehave.core.embedder.EmbedderBehaviour$null;6632;6788;642;644;766;831;6;362;465;1639;1077
5941317;org.jbehave.core.embedder.EmbedderClassLoaderBehaviour$null;42;44;7;15;118;838;7;367;466;1632;1092
5944661;org.jbehave.core.embedder.EmbedderControlsBehaviour$null;24;24;20;39;65;858;7;374;479;1612;1131
5972585;org.jbehave.core.embedder.EmbedderMonitorBehaviour$null;150;167;26;26;40;884;7;399;480;1586;1157
5991766;org.jbehave.core.embedder.MetaFilterBehaviour$null;386;453;31;31;51;915;7;430;480;1555;1188
6011346;org.jbehave.core.embedder.StoryMapperBehaviour$null;96;105;14;14;68;929;7;444;480;1541;1202
6351240;org.jbehave.core.embedder.StoryRunnerBehaviour$null;257;283;277;277;455;1206;7;721;480;1264;1479
6351241;org.jbehave.core.embedder.executors.ExecutorsBehaviour$null;6;5;0;0;11;1206;7;721;480;1264;1479
6351241;org.jbehave.core.failures.FailureStrategyBehaviour$null;4;1;0;0;0;1206;7;721;480;1264;1479
6351241;org.jbehave.core.failures.StepFailureBehaviour$null;4;1;0;0;0;1206;7;721;480;1264;1479
6351645;org.jbehave.core.i18n.LocalizedKeywordsBehaviour$null;38;37;0;0;102;1206;7;721;480;1264;1479
6352444;org.jbehave.core.io.CodeLocationsBehaviour$null;9;8;1;2;6;1207;7;721;481;1263;1481
6354190;org.jbehave.core.io.IOUtilsBehaviour$null;121;118;3;3;6;1210;8;723;481;1260;1484
6354797;org.jbehave.core.io.LoadFromRelativeFileBehaviour$null;10;8;3;4;12;1213;8;724;483;1257;1488
6359877;org.jbehave.core.io.RelativePathCalculatorBehaviour$null;4;2;31;32;32;1244;8;733;505;1226;1520
6378647;org.jbehave.core.io.StoryFinderBehaviour$null;30;31;30;31;42;1274;8;736;532;1196;1551
6380430;org.jbehave.core.io.StoryLocationBehaviour$null;15;235;5;5;12;1279;8;737;536;1191;1556
6380430;org.jbehave.core.io.StoryNameResolverBehaviour$null;8;5;0;0;6;1280;8;737;537;1190;1556
6380431;org.jbehave.core.io.StoryPathResolverBehaviour$null;7;7;0;0;30;1280;8;737;537;1190;1556
6380431;org.jbehave.core.io.UnderscoredToCapitalizedBehaviour$null;6;3;0;0;6;1280;8;737;537;1190;1556
6453259;org.jbehave.core.model.ExamplesTableBehaviour$null;45;49;92;93;302;1372;8;739;627;1098;1649
6453259;org.jbehave.core.model.ExamplesTableFactoryBehaviour$null;87;94;1;0;111;1373;8;739;628;1097;1649
6453259;org.jbehave.core.model.MetaBehaviour$null;19;18;0;0;41;1373;8;739;628;1097;1649
6455655;org.jbehave.core.model.OutcomesTableBehaviour$null;17;24;9;10;18;1382;8;739;637;1088;1659
6456253;org.jbehave.core.model.StoryMapsBehaviour$null;27;27;0;1;67;1383;8;739;638;1087;1660
6456253;org.jbehave.core.model.TableTransformersBehaviour$null;7;5;0;0;61;1383;8;739;638;1087;1660
6463879;org.jbehave.core.parsers.RegexPrefixCapturingPatternParserBehaviour$null;18;19;31;32;38;1415;8;746;664;1055;1692
6478643;org.jbehave.core.parsers.TransformingStoryParserBehaviour$null;19;18;54;54;142;1469;8;748;716;1001;1746
6494727;org.jbehave.core.reporters.ANSIConsoleOutputBehaviour$null;15;10;68;69;133;1537;8;748;783;933;1815
6538131;org.jbehave.core.reporters.CrossReferenceBehaviour$null;212;202;72;71;207;1609;8;819;784;861;1886
6541716;org.jbehave.core.reporters.DelegatingStoryReporterBehaviour$null;112;115;5;5;121;1614;8;824;784;856;1891
6543429;org.jbehave.core.reporters.FilePrintStreamFactoryBehaviour$null;19;17;3;4;18;1617;8;824;787;853;1895
6545796;org.jbehave.core.reporters.FreemarkerViewGeneratorBehaviour$null;82;91;5;4;74;1622;8;828;788;848;1899
6545796;org.jbehave.core.reporters.NullStoryReporterBehaviour$null;19;18;0;0;102;1622;8;828;788;848;1899
6611705;org.jbehave.core.reporters.PostStoryStatisticsCollectorBehaviour$null;29;27;107;108;210;1729;8;844;879;741;2007
6786736;org.jbehave.core.reporters.PrintStreamOutputBehaviour$null;296;300;288;287;661;2017;8;1131;880;453;2294
6812752;org.jbehave.core.reporters.SilentSuccessFilterBehaviour$null;136;112;43;43;134;2060;8;1174;880;410;2337
6822271;org.jbehave.core.reporters.StepFailureDecoratorBehaviour$null;110;115;16;16;119;2076;8;1190;880;394;2353
6822271;org.jbehave.core.steps.BeforeOrAfterStepBehaviour$null;94;94;0;0;0;2076;8;1190;880;394;2353
6822271;org.jbehave.core.steps.ChainedRowBehaviour$null;12;9;0;0;16;2076;8;1190;880;394;2353
6911120;org.jbehave.core.steps.CompositeStepCandidateBehaviour$null;57;60;148;149;362;2224;8;1209;1009;246;2502
6911120;org.jbehave.core.steps.ConcurrencyBehaviour$null;84;85;0;0;25;2224;8;1209;1009;246;2502
6911121;org.jbehave.core.steps.ConvertedParametersBehaviour$null;14;11;0;0;47;2225;8;1210;1009;245;2502
6914700;org.jbehave.core.steps.InstanceStepsFactoryBehaviour$null;30;30;5;6;117;2230;8;1210;1014;240;2508
7004596;org.jbehave.core.steps.ParameterConvertersBehaviour$null;111;109;91;91;327;2321;8;1227;1088;149;2599
7005439;org.jbehave.core.steps.PatternVariantBuilderBehaviour$null;4;2;16;16;18;2337;17;1230;1092;133;2615
7012606;org.jbehave.core.steps.PendingStepMethodGeneratorBehaviour$null;15;15;31;32;54;2368;17;1230;1123;102;2647
7012809;org.jbehave.core.steps.PrintStreamStepMonitorBehaviour$null;11;5;0;1;4;2369;17;1230;1124;101;2648
7027371;org.jbehave.core.steps.StepCandidateBehaviour$null;185;172;24;24;415;2394;17;1254;1125;76;2672
7042194;org.jbehave.core.steps.StepCreatorBehaviour$null;182;169;25;25;270;2419;17;1279;1125;51;2697
7042195;org.jbehave.core.steps.StepFinderBehaviour$null;42;39;0;0;183;2419;17;1279;1125;51;2697
7043388;org.jbehave.core.steps.StepResultBehaviour$null;99;100;2;2;15;2421;17;1281;1125;49;2699
7062256;org.jbehave.core.steps.StepsBehaviour$null;81;83;32;32;240;2453;17;1313;1125;17;2731
