CurrentTotalRuntime;Testname;RuntimeToGetCoverage;RuntimeOriginal;KilledByTest;AnalyzedByTest;CoveredByTest;TotalKilled;TotalFailure;TotalException;TotalTimeout;LiveMutants;TotalAnalyzed
10826;org.apache.commons.lang3.AnnotationUtilsTest$null;42;40;163;422;422;163;93;70;0;21216;422
14639;org.apache.commons.lang3.ArrayUtilsAddTest$null;16;14;255;294;294;418;152;266;0;20961;716
24155;org.apache.commons.lang3.ArrayUtilsRemoveMultipleTest$null;19;33;397;573;594;815;401;413;1;20564;1289
26445;org.apache.commons.lang3.ArrayUtilsRemoveTest$null;10;16;72;170;287;887;434;451;2;20492;1459
100069;org.apache.commons.lang3.ArrayUtilsTest$null;49;88;1804;2515;2736;2691;1526;1163;2;18688;3974
101030;org.apache.commons.lang3.BitFieldTest$null;4;4;45;52;52;2736;1563;1163;10;18643;4026
109394;org.apache.commons.lang3.BooleanUtilsTest$null;19;21;295;494;532;3031;1790;1231;10;18348;4520
110248;org.apache.commons.lang3.CharEncodingTest$null;7;23;4;93;93;3035;1792;1233;10;18344;4613
120726;org.apache.commons.lang3.CharRangeTest$null;90;35;158;213;213;3193;1928;1245;20;18186;4826
120728;org.apache.commons.lang3.CharSequenceUtilsTest$null;2;1;1;1;1;3194;1928;1246;20;18185;4827
124109;org.apache.commons.lang3.CharSetTest$null;15;16;132;200;299;3326;2000;1297;29;18053;5027
125549;org.apache.commons.lang3.CharSetUtilsTest$null;13;12;67;102;230;3393;2044;1320;29;17986;5129
127208;org.apache.commons.lang3.CharUtilsTest$null;14;14;124;140;146;3517;2136;1352;29;17862;5269
145213;org.apache.commons.lang3.ClassUtilsTest$null;37;41;320;510;602;3837;2336;1462;39;17542;5779
179476;org.apache.commons.lang3.ConversionTest$null;21;13;1780;2515;2515;5617;3414;2164;39;15762;8294
181704;org.apache.commons.lang3.EnumUtilsTest$null;17;16;100;147;213;5717;3482;2196;39;15662;8441
199585;org.apache.commons.lang3.HashSetvBitSetTest$null;19549;652;0;29;167;5717;3482;2196;39;15662;8470
199681;org.apache.commons.lang3.JavaVersionTest$null;2;1;21;31;39;5738;3503;2196;39;15641;8501
201842;org.apache.commons.lang3.LocaleUtilsTest$null;10;16;154;241;268;5892;3574;2279;39;15487;8742
201842;org.apache.commons.lang3.NotImplementedExceptionTest$null;1;0;0;0;0;5892;3574;2279;39;15487;8742
206042;org.apache.commons.lang3.ObjectUtilsTest$null;23;23;136;215;262;6028;3660;2329;39;15351;8957
219473;org.apache.commons.lang3.RandomStringUtilsTest$null;67;43;146;194;194;6174;3747;2370;57;15205;9151
221075;org.apache.commons.lang3.RangeTest$null;10;10;104;175;178;6279;3833;2388;58;15100;9326
221355;org.apache.commons.lang3.SerializationUtilsTest$null;16;19;15;23;26;6294;3833;2403;58;15085;9349
472248;org.apache.commons.lang3.StringEscapeUtilsTest$null;3075;270;447;696;745;6741;4089;2570;82;14638;10045
486361;org.apache.commons.lang3.StringUtilsEqualsIndexOfTest$null;30;23;459;655;729;7201;4361;2753;87;14178;10700
488627;org.apache.commons.lang3.StringUtilsIsTest$null;18;18;114;131;159;7315;4451;2777;87;14064;10831
490989;org.apache.commons.lang3.StringUtilsStartsEndsWithTest$null;22;22;63;113;172;7378;4493;2798;87;14001;10944
495415;org.apache.commons.lang3.StringUtilsSubstringTest$null;17;17;190;257;296;7568;4582;2893;93;13811;11201
694592;org.apache.commons.lang3.StringUtilsTest$null;270;131;1420;2148;2560;8988;5421;3456;111;12391;13349
696639;org.apache.commons.lang3.StringUtilsTrimEmptyTest$null;17;29;62;87;126;9050;5443;3493;114;12329;13436
697017;org.apache.commons.lang3.SystemUtilsTest$null;4;3;20;68;95;9070;5459;3497;114;12309;13504
700341;org.apache.commons.lang3.ValidateTest$null;22;21;120;170;260;9190;5520;3555;115;12189;13674
714097;org.apache.commons.lang3.builder.CompareToBuilderTest$null;24;22;481;694;766;9671;5911;3645;115;11708;14368
718791;org.apache.commons.lang3.builder.DefaultToStringStyleTest$null;22;18;113;276;463;9784;6016;3653;115;11595;14644
723903;org.apache.commons.lang3.builder.EqualsBuilderTest$null;26;23;86;248;476;9870;6069;3686;115;11509;14892
726343;org.apache.commons.lang3.builder.HashCodeBuilderAndEqualsBuilderTest$null;18;17;17;140;251;9887;6069;3703;115;11492;15032
729021;org.apache.commons.lang3.builder.HashCodeBuilderTest$null;15;19;176;226;299;10063;6215;3732;116;11316;15258
732021;org.apache.commons.lang3.builder.MultiLineToStringStyleTest$null;18;17;10;165;464;10073;6225;3732;116;11306;15423
734900;org.apache.commons.lang3.builder.NoFieldNamesToStringStyleTest$null;17;16;3;155;460;10076;6228;3732;116;11303;15578
734901;org.apache.commons.lang3.builder.ReflectionToStringBuilderConcurrencyTest$null;2;1;0;0;0;10076;6228;3732;116;11303;15578
737508;org.apache.commons.lang3.builder.ReflectionToStringBuilderExcludeTest$null;15;14;29;153;342;10105;6246;3743;116;11274;15731
737508;org.apache.commons.lang3.builder.ReflectionToStringBuilderMutateInspectConcurrencyTest$null;1;0;0;0;0;10105;6246;3743;116;11274;15731
740265;org.apache.commons.lang3.builder.ShortPrefixToStringStyleTest$null;18;17;4;150;459;10109;6250;3743;116;11270;15881
742916;org.apache.commons.lang3.builder.SimpleToStringStyleTest$null;18;16;5;138;442;10114;6254;3744;116;11265;16019
745885;org.apache.commons.lang3.builder.StandardToStringStyleTest$null;20;12;10;159;477;10124;6264;3744;116;11255;16178
756967;org.apache.commons.lang3.builder.ToStringBuilderTest$null;43;32;219;396;738;10343;6446;3781;116;11036;16574
933244;org.apache.commons.lang3.builder.ToStringStyleConcurrencyTest$null;2538;2368;0;64;185;10343;6446;3781;116;11036;16638
933900;org.apache.commons.lang3.builder.ToStringStyleTest$null;14;10;12;61;126;10355;6458;3781;116;11024;16699
933914;org.apache.commons.lang3.concurrent.AtomicInitializerTest$null;8;5;1;1;1;10356;6459;3781;116;11023;16700
934247;org.apache.commons.lang3.concurrent.AtomicSafeInitializerTest$null;15;8;3;3;3;10359;6460;3781;118;11020;16703
934661;org.apache.commons.lang3.concurrent.BackgroundInitializerTest$null;16;12;18;31;31;10377;6468;3790;119;11002;16734
935595;org.apache.commons.lang3.concurrent.BasicThreadFactoryTest$null;25;21;14;14;14;10391;6478;3793;120;10988;16748
935603;org.apache.commons.lang3.concurrent.CallableBackgroundInitializerTest$null;3;2;3;3;7;10394;6481;3793;120;10985;16751
936227;org.apache.commons.lang3.concurrent.ConcurrentUtilsTest$null;19;25;31;34;38;10425;6495;3810;120;10954;16785
936266;org.apache.commons.lang3.concurrent.ConstantInitializerTest$null;4;3;3;9;15;10428;6497;3811;120;10951;16794
936281;org.apache.commons.lang3.concurrent.LazyInitializerTest$null;6;5;2;2;2;10430;6499;3811;120;10949;16796
936909;org.apache.commons.lang3.concurrent.MultiBackgroundInitializerTest$null;40;29;17;19;46;10447;6511;3815;121;10932;16815
1002230;org.apache.commons.lang3.concurrent.TimedSemaphoreTest$null;1190;1183;48;57;57;10495;6544;3821;130;10884;16872
1002461;org.apache.commons.lang3.event.EventListenerSupportTest$null;33;27;13;16;21;10509;6551;3827;131;10870;16888
1003864;org.apache.commons.lang3.event.EventUtilsTest$null;18;19;19;79;232;10528;6557;3840;131;10851;16967
1004704;org.apache.commons.lang3.exception.ContextedExceptionTest$null;21;23;23;51;77;10551;6572;3848;131;10828;17018
1005285;org.apache.commons.lang3.exception.ContextedRuntimeExceptionTest$null;20;21;3;31;77;10554;6573;3850;131;10825;17049
1005724;org.apache.commons.lang3.exception.DefaultExceptionContextTest$null;16;14;0;27;64;10554;6573;3850;131;10825;17076
1012132;org.apache.commons.lang3.exception.ExceptionUtilsTest$null;39;36;113;252;363;10667;6613;3922;132;10712;17328
1731314;org.apache.commons.lang3.math.FractionTest$null;8695;174;670;868;868;11337;7073;4097;167;10042;18196
1731521;org.apache.commons.lang3.math.IEEE754rUtilsTest$null;2;1;54;68;68;11391;7095;4129;167;9988;18264
1748613;org.apache.commons.lang3.math.NumberUtilsTest$null;24;18;594;865;892;11985;7449;4365;171;9394;19129
1748684;org.apache.commons.lang3.mutable.MutableBooleanTest$null;3;1;20;21;21;12005;7469;4365;171;9374;19150
1748784;org.apache.commons.lang3.mutable.MutableByteTest$null;3;1;20;22;22;12025;7489;4365;171;9354;19172
1748874;org.apache.commons.lang3.mutable.MutableDoubleTest$null;4;1;15;19;19;12040;7502;4367;171;9339;19191
1748934;org.apache.commons.lang3.mutable.MutableFloatTest$null;3;1;12;13;13;12052;7512;4369;171;9327;19204
1749047;org.apache.commons.lang3.mutable.MutableIntTest$null;4;2;19;21;22;12071;7531;4369;171;9308;19225
1749174;org.apache.commons.lang3.mutable.MutableLongTest$null;4;2;22;28;28;12093;7553;4369;171;9286;19253
1749195;org.apache.commons.lang3.mutable.MutableObjectTest$null;2;1;10;10;10;12103;7559;4373;171;9276;19263
1749290;org.apache.commons.lang3.mutable.MutableShortTest$null;3;1;20;22;22;12123;7579;4373;171;9256;19285
1751996;org.apache.commons.lang3.reflect.ConstructorUtilsTest$null;18;16;46;153;380;12169;7612;4386;171;9210;19438
1755367;org.apache.commons.lang3.reflect.FieldUtilsTest$null;31;28;85;146;237;12254;7655;4428;171;9125;19584
1755541;org.apache.commons.lang3.reflect.InheritanceUtilsTest$null;4;3;28;31;35;12282;7678;4433;171;9097;19615
1762024;org.apache.commons.lang3.reflect.MethodUtilsTest$null;28;26;50;233;571;12332;7708;4453;171;9047;19848
1764573;org.apache.commons.lang3.reflect.TypeLiteralTest$null;13;12;25;158;267;12357;7713;4472;172;9022;20006
1779664;org.apache.commons.lang3.reflect.TypeUtilsTest$null;82;52;101;320;633;12458;7786;4499;173;8921;20326
1779664;org.apache.commons.lang3.text.CompositeFormatTest$null;2;4;0;0;0;12458;7786;4499;173;8921;20326
1824822;org.apache.commons.lang3.text.ExtendedMessageFormatTest$null;309;844;116;274;330;12574;7819;4572;183;8805;20600
1825223;org.apache.commons.lang3.text.FormattableUtilsTest$null;5;3;38;47;52;12612;7836;4592;184;8767;20647
1838224;org.apache.commons.lang3.text.StrBuilderAppendInsertTest$null;19;11;406;768;817;13018;8051;4780;187;8361;21415
1883913;org.apache.commons.lang3.text.StrBuilderTest$null;35;28;848;1391;1580;13866;8595;5048;224;7513;22806
1883919;org.apache.commons.lang3.text.StrLookupTest$null;3;1;2;2;2;13868;8595;5050;224;7511;22808
1884425;org.apache.commons.lang3.text.StrMatcherTest$null;10;10;39;45;87;13907;8627;5057;224;7472;22853
1905261;org.apache.commons.lang3.text.StrSubstitutorTest$null;94;42;257;463;750;14164;8786;5147;232;7215;23316
1922246;org.apache.commons.lang3.text.StrTokenizerTest$null;41;34;141;331;707;14305;8875;5179;252;7074;23647
1925341;org.apache.commons.lang3.text.WordUtilsTest$null;14;12;146;235;294;14451;8960;5236;256;6928;23882
1925346;org.apache.commons.lang3.text.translate.EntityArraysTest$null;2;1;0;1;15;14451;8960;5236;256;6928;23883
1925372;org.apache.commons.lang3.text.translate.LookupTranslatorTest$null;3;1;0;7;32;14451;8960;5236;256;6928;23890
1925430;org.apache.commons.lang3.text.translate.NumericEntityEscaperTest$null;2;2;4;18;71;14455;8964;5236;256;6924;23908
1925796;org.apache.commons.lang3.text.translate.NumericEntityUnescaperTest$null;3;2;21;57;189;14476;8976;5244;257;6903;23965
1926141;org.apache.commons.lang3.text.translate.OctalUnescaperTest$null;3;1;65;88;134;14541;9019;5265;258;6838;24053
1926251;org.apache.commons.lang3.text.translate.UnicodeEscaperTest$null;2;2;13;28;84;14554;9032;5265;258;6825;24081
1926539;org.apache.commons.lang3.text.translate.UnicodeUnescaperTest$null;2;2;21;50;135;14575;9038;5279;259;6804;24131
1939969;org.apache.commons.lang3.time.DateFormatUtilsTest$null;22;72;367;588;592;14942;9265;5400;278;6437;24719
1940479;org.apache.commons.lang3.time.DateUtilsFragmentTest$null;8;6;62;63;63;15004;9325;5402;278;6375;24782
1952879;org.apache.commons.lang3.time.DateUtilsRoundingTest$null;48;63;170;441;675;15174;9466;5431;278;6205;25223
1978032;org.apache.commons.lang3.time.DateUtilsTest$null;49;110;191;557;1091;15365;9589;5474;303;6014;25780
2294617;org.apache.commons.lang3.time.DurationFormatUtilsTest$null;2084;614;301;641;1045;15666;9823;5516;328;5713;26421
2410467;org.apache.commons.lang3.time.FastDateFormat_ParserTest$null;754;988;164;333;511;15830;9893;5600;338;5549;26754
2416886;org.apache.commons.lang3.time.FastDateFormat_PrinterTest$null;28;22;100;308;777;15930;9981;5610;340;5449;27062
2457025;org.apache.commons.lang3.time.FastDateParserTest$null;680;569;4;93;274;15934;9985;5610;340;5445;27155
2460706;org.apache.commons.lang3.time.FastDatePrinterTest$null;24;17;3;206;748;15937;9986;5612;340;5442;27361
2742826;org.apache.commons.lang3.time.StopWatchTest$null;4777;4775;52;85;209;15989;10022;5628;340;5390;27446
2742919;org.apache.commons.lang3.tuple.ImmutablePairTest$null;11;7;5;15;22;15994;10026;5629;340;5385;27461
2743068;org.apache.commons.lang3.tuple.ImmutableTripleTest$null;9;4;6;23;29;16000;10031;5630;340;5379;27484
2743153;org.apache.commons.lang3.tuple.MutablePairTest$null;5;6;0;10;22;16000;10031;5630;340;5379;27494
2743250;org.apache.commons.lang3.tuple.MutableTripleTest$null;5;4;4;17;29;16004;10035;5630;340;5375;27511
2743334;org.apache.commons.lang3.tuple.PairTest$null;5;4;3;10;31;16007;10038;5630;340;5372;27521
2743376;org.apache.commons.lang3.tuple.TripleTest$null;6;4;0;8;31;16007;10038;5630;340;5372;27529
