CurrentTotalRuntime;Testname;RuntimeToGetCoverage;RuntimeOriginal;KilledByTest;AnalyzedByTest;CoveredByTest;TotalKilled;TotalFailure;TotalException;TotalTimeout;LiveMutants;TotalAnalyzed
28629;org.jbehave.core.ConfigurableEmbedderBehaviour$null;152;220;27;111;111;27;6;19;2;2443;111
28629;org.jbehave.core.InjectableEmbedderBehaviour$null;99;135;0;0;0;27;6;19;2;2443;111
143471;org.jbehave.core.configuration.AnnotationBuilderBehaviour$null;75;110;189;190;214;216;6;94;116;2254;301
143999;org.jbehave.core.configuration.KeywordsBehaviour$null;4;2;35;34;40;251;6;126;119;2219;335
144024;org.jbehave.core.configuration.ParanamerConfigurationBehaviour$null;23;28;1;1;103;252;6;127;119;2218;336
144269;org.jbehave.core.configuration.PropertyBasedConfigurationBehaviour$null;25;44;2;2;104;254;6;128;120;2216;338
144741;org.jbehave.core.configuration.UnmodifiableConfigurationBehaviour$null;39;47;1;2;104;255;6;129;120;2215;340
756198;org.jbehave.core.embedder.EmbedderBehaviour$null;6624;6759;583;583;766;838;6;712;120;1632;923
759810;org.jbehave.core.embedder.EmbedderClassLoaderBehaviour$null;56;43;7;15;118;845;6;719;120;1625;938
768489;org.jbehave.core.embedder.EmbedderControlsBehaviour$null;33;24;10;39;65;855;6;729;120;1615;977
785554;org.jbehave.core.embedder.EmbedderMonitorBehaviour$null;171;166;26;26;40;881;6;755;120;1589;1003
803942;org.jbehave.core.embedder.MetaFilterBehaviour$null;386;482;31;31;51;912;6;786;120;1558;1034
815789;org.jbehave.core.embedder.StoryMapperBehaviour$null;96;105;13;14;68;925;6;790;129;1545;1048
1110647;org.jbehave.core.embedder.StoryRunnerBehaviour$null;270;292;278;277;455;1203;6;1067;130;1267;1325
1110647;org.jbehave.core.embedder.executors.ExecutorsBehaviour$null;6;5;0;0;11;1203;6;1067;130;1267;1325
1110647;org.jbehave.core.failures.FailureStrategyBehaviour$null;4;1;0;0;0;1203;6;1067;130;1267;1325
1110647;org.jbehave.core.failures.StepFailureBehaviour$null;4;2;0;0;0;1203;6;1067;130;1267;1325
1110647;org.jbehave.core.i18n.LocalizedKeywordsBehaviour$null;38;38;0;0;102;1203;6;1067;130;1267;1325
1110858;org.jbehave.core.io.CodeLocationsBehaviour$null;9;8;1;2;6;1204;6;1067;131;1266;1327
1113708;org.jbehave.core.io.IOUtilsBehaviour$null;98;133;2;3;6;1206;6;1067;133;1264;1330
1113941;org.jbehave.core.io.LoadFromRelativeFileBehaviour$null;12;8;3;4;12;1209;6;1068;135;1261;1334
1114462;org.jbehave.core.io.RelativePathCalculatorBehaviour$null;4;2;23;32;32;1232;6;1089;137;1238;1366
1116618;org.jbehave.core.io.StoryFinderBehaviour$null;31;32;17;28;42;1249;6;1106;137;1221;1394
1116942;org.jbehave.core.io.StoryLocationBehaviour$null;15;90;5;5;12;1254;6;1110;138;1216;1399
1116943;org.jbehave.core.io.StoryNameResolverBehaviour$null;7;4;0;0;6;1254;6;1110;138;1216;1399
1116943;org.jbehave.core.io.StoryPathResolverBehaviour$null;7;7;0;0;30;1254;6;1110;138;1216;1399
1116943;org.jbehave.core.io.UnderscoredToCapitalizedBehaviour$null;6;3;0;0;6;1254;6;1110;138;1216;1399
1143783;org.jbehave.core.model.ExamplesTableBehaviour$null;45;49;73;98;302;1327;6;1147;174;1143;1497
1144639;org.jbehave.core.model.ExamplesTableFactoryBehaviour$null;91;92;0;1;111;1327;6;1147;174;1143;1498
1144640;org.jbehave.core.model.MetaBehaviour$null;19;17;0;0;41;1328;6;1147;175;1142;1498
1145342;org.jbehave.core.model.OutcomesTableBehaviour$null;17;16;8;10;18;1336;6;1152;178;1134;1508
1145373;org.jbehave.core.model.StoryMapsBehaviour$null;28;26;1;1;67;1337;6;1153;178;1133;1509
1145836;org.jbehave.core.model.TableTransformersBehaviour$null;7;5;5;10;61;1342;6;1156;180;1128;1519
1146620;org.jbehave.core.parsers.RegexPrefixCapturingPatternParserBehaviour$null;22;18;30;32;38;1372;6;1184;182;1098;1551
1152451;org.jbehave.core.parsers.TransformingStoryParserBehaviour$null;19;18;34;54;142;1407;6;1196;205;1063;1605
1157740;org.jbehave.core.reporters.ANSIConsoleOutputBehaviour$null;13;10;40;69;133;1447;23;1199;225;1023;1674
1206493;org.jbehave.core.reporters.CrossReferenceBehaviour$null;200;220;73;73;207;1520;23;1272;225;950;1747
1209772;org.jbehave.core.reporters.DelegatingStoryReporterBehaviour$null;138;115;5;5;121;1525;23;1277;225;945;1752
1210213;org.jbehave.core.reporters.FilePrintStreamFactoryBehaviour$null;20;17;2;4;18;1527;23;1278;226;943;1756
1213223;org.jbehave.core.reporters.FreemarkerViewGeneratorBehaviour$null;82;83;5;4;74;1532;23;1281;228;938;1760
1213223;org.jbehave.core.reporters.NullStoryReporterBehaviour$null;20;18;0;0;102;1532;23;1281;228;938;1760
1231030;org.jbehave.core.reporters.PostStoryStatisticsCollectorBehaviour$null;29;29;91;108;210;1623;23;1354;246;847;1868
1521856;org.jbehave.core.reporters.PrintStreamOutputBehaviour$null;297;295;289;289;661;1912;23;1643;246;558;2157
1549891;org.jbehave.core.reporters.SilentSuccessFilterBehaviour$null;108;117;43;43;134;1955;23;1686;246;515;2200
1563522;org.jbehave.core.reporters.StepFailureDecoratorBehaviour$null;111;120;16;16;119;1971;23;1702;246;499;2216
1563522;org.jbehave.core.steps.BeforeOrAfterStepBehaviour$null;93;93;0;0;0;1971;23;1702;246;499;2216
1563522;org.jbehave.core.steps.ChainedRowBehaviour$null;15;10;0;0;16;1971;23;1702;246;499;2216
1659810;org.jbehave.core.steps.CompositeStepCandidateBehaviour$null;56;60;150;151;362;2121;23;1741;357;349;2367
1659810;org.jbehave.core.steps.ConcurrencyBehaviour$null;86;84;1;0;25;2122;23;1742;357;348;2367
1660518;org.jbehave.core.steps.ConvertedParametersBehaviour$null;14;14;3;10;47;2125;23;1742;360;345;2377
1661910;org.jbehave.core.steps.InstanceStepsFactoryBehaviour$null;31;35;4;6;117;2129;23;1746;360;341;2383
1790951;org.jbehave.core.steps.ParameterConvertersBehaviour$null;113;109;103;104;327;2232;23;1761;448;238;2487
1791232;org.jbehave.core.steps.PatternVariantBuilderBehaviour$null;4;2;16;16;18;2248;33;1765;450;222;2503
1793582;org.jbehave.core.steps.PendingStepMethodGeneratorBehaviour$null;16;13;24;32;54;2272;33;1780;459;198;2535
1793589;org.jbehave.core.steps.PrintStreamStepMonitorBehaviour$null;8;4;1;1;4;2274;33;1781;460;196;2536
1819199;org.jbehave.core.steps.StepCandidateBehaviour$null;180;194;25;25;415;2299;33;1806;460;171;2561
1835211;org.jbehave.core.steps.StepCreatorBehaviour$null;188;168;25;25;270;2324;33;1831;460;146;2586
1835211;org.jbehave.core.steps.StepFinderBehaviour$null;46;37;0;0;183;2324;33;1831;460;146;2586
1836506;org.jbehave.core.steps.StepResultBehaviour$null;101;103;2;2;15;2326;33;1833;460;144;2588
1852511;org.jbehave.core.steps.StepsBehaviour$null;82;77;32;32;240;2358;33;1860;465;112;2620
