CurrentTotalRuntime;Testname;RuntimeToGetCoverage;RuntimeOriginal;KilledByTest;AnalyzedByTest;CoveredByTest;TotalKilled;TotalFailure;TotalException;TotalTimeout;LiveMutants;TotalAnalyzed
7773;org.apache.commons.lang3.AnnotationUtilsTest$null;43;41;163;422;422;163;93;70;0;17841;422
10080;org.apache.commons.lang3.ArrayUtilsAddTest$null;9;12;255;294;294;418;153;265;0;17586;716
16540;org.apache.commons.lang3.ArrayUtilsRemoveMultipleTest$null;17;34;397;573;594;815;404;410;1;17189;1289
17782;org.apache.commons.lang3.ArrayUtilsRemoveTest$null;8;13;71;170;287;886;437;448;1;17118;1459
18692;org.apache.commons.lang3.BitFieldTest$null;4;5;45;52;52;931;474;448;9;17073;1511
23864;org.apache.commons.lang3.BooleanUtilsTest$null;18;30;301;503;532;1232;704;519;9;16772;2014
24440;org.apache.commons.lang3.CharEncodingTest$null;6;31;4;93;93;1236;706;521;9;16768;2107
36005;org.apache.commons.lang3.CharRangeTest$null;78;49;158;213;213;1394;842;533;19;16610;2320
36006;org.apache.commons.lang3.CharSequenceUtilsTest$null;2;1;1;1;1;1395;842;534;19;16609;2321
38292;org.apache.commons.lang3.CharSetTest$null;13;23;133;206;299;1528;917;584;27;16476;2527
39359;org.apache.commons.lang3.CharSetUtilsTest$null;10;17;68;102;230;1596;961;607;28;16408;2629
40391;org.apache.commons.lang3.CharUtilsTest$null;11;16;124;140;146;1720;1058;634;28;16284;2769
40436;org.apache.commons.lang3.ClassPathUtilsTest$null;4;4;9;15;15;1729;1067;634;28;16275;2784
56130;org.apache.commons.lang3.ClassUtilsTest$null;31;36;362;559;602;2091;1283;770;38;15913;3343
78937;org.apache.commons.lang3.ConversionTest$null;17;13;1781;2515;2515;3872;2364;1468;40;14132;5858
80536;org.apache.commons.lang3.EnumUtilsTest$null;14;13;110;162;213;3982;2434;1508;40;14022;6020
105286;org.apache.commons.lang3.HashSetvBitSetTest$null;21698;830;0;35;167;3982;2434;1508;40;14022;6055
105351;org.apache.commons.lang3.JavaVersionTest$null;3;1;21;31;39;4003;2455;1508;40;14001;6086
109316;org.apache.commons.lang3.LocaleUtilsTest$null;19;26;193;339;375;4196;2529;1626;41;13808;6425
109316;org.apache.commons.lang3.NotImplementedExceptionTest$null;2;0;0;0;0;4196;2529;1626;41;13808;6425
123962;org.apache.commons.lang3.RandomStringUtilsTest$null;71;48;146;194;194;4342;2610;1672;60;13662;6619
124282;org.apache.commons.lang3.RandomUtilsTest$null;10;7;70;91;95;4412;2649;1702;61;13592;6710
124516;org.apache.commons.lang3.SerializationUtilsTest$null;23;21;15;23;26;4427;2649;1717;61;13577;6733
494651;org.apache.commons.lang3.StringEscapeUtilsTest$null;3815;340;484;739;785;4911;2937;1889;85;13093;7472
504650;org.apache.commons.lang3.StringUtilsEqualsIndexOfTest$null;19;23;462;658;729;5373;3212;2072;89;12631;8130
506326;org.apache.commons.lang3.StringUtilsIsTest$null;17;25;114;131;159;5487;3302;2096;89;12517;8261
508016;org.apache.commons.lang3.StringUtilsStartsEndsWithTest$null;19;25;68;121;172;5555;3348;2118;89;12449;8382
511159;org.apache.commons.lang3.StringUtilsSubstringTest$null;15;20;190;257;296;5745;3437;2213;95;12259;8639
868774;org.apache.commons.lang3.StringUtilsTest$null;362;228;1568;2339;2747;7313;4390;2809;114;10691;10978
870516;org.apache.commons.lang3.StringUtilsTrimEmptyTest$null;17;47;62;87;126;7375;4412;2846;117;10629;11065
870762;org.apache.commons.lang3.SystemUtilsTest$null;4;4;20;68;95;7395;4428;2850;117;10609;11133
874181;org.apache.commons.lang3.ValidateTest$null;19;28;168;254;340;7563;4511;2934;118;10441;11387
884441;org.apache.commons.lang3.builder.CompareToBuilderTest$null;32;17;486;724;766;8049;4905;3026;118;9955;12111
888990;org.apache.commons.lang3.builder.DefaultToStringStyleTest$null;16;14;162;333;463;8211;5052;3041;118;9793;12444
905127;org.apache.commons.lang3.builder.DiffBuilderTest$null;32;29;190;677;834;8401;5186;3097;118;9603;13121
908431;org.apache.commons.lang3.builder.DiffResultTest$null;22;21;15;168;391;8416;5200;3098;118;9588;13289
909183;org.apache.commons.lang3.builder.DiffTest$null;10;0;1;67;152;8417;5200;3098;119;9587;13356
914268;org.apache.commons.lang3.builder.EqualsBuilderTest$null;25;21;147;316;476;8564;5308;3137;119;9440;13672
916117;org.apache.commons.lang3.builder.HashCodeBuilderAndEqualsBuilderTest$null;17;13;18;149;251;8582;5308;3155;119;9422;13821
918755;org.apache.commons.lang3.builder.HashCodeBuilderTest$null;16;11;184;239;299;8766;5461;3186;119;9238;14060
921215;org.apache.commons.lang3.builder.MultiLineToStringStyleTest$null;19;13;10;168;464;8776;5471;3186;119;9228;14228
923375;org.apache.commons.lang3.builder.NoFieldNamesToStringStyleTest$null;16;14;4;158;460;8780;5475;3186;119;9224;14386
926361;org.apache.commons.lang3.builder.RecursiveToStringStyleTest$null;17;14;24;207;508;8804;5490;3195;119;9200;14593
926362;org.apache.commons.lang3.builder.ReflectionToStringBuilderConcurrencyTest$null;2;1;0;0;0;8804;5490;3195;119;9200;14593
927928;org.apache.commons.lang3.builder.ReflectionToStringBuilderExcludeTest$null;12;11;14;140;342;8818;5499;3200;119;9186;14733
927928;org.apache.commons.lang3.builder.ReflectionToStringBuilderMutateInspectConcurrencyTest$null;1;0;0;0;0;8818;5499;3200;119;9186;14733
930061;org.apache.commons.lang3.builder.ShortPrefixToStringStyleTest$null;14;13;1;152;459;8819;5499;3200;120;9185;14885
931926;org.apache.commons.lang3.builder.SimpleToStringStyleTest$null;14;13;12;143;442;8831;5510;3201;120;9173;15028
934478;org.apache.commons.lang3.builder.StandardToStringStyleTest$null;15;9;10;157;477;8841;5520;3201;120;9163;15185
1191436;org.apache.commons.lang3.builder.ToStringStyleConcurrencyTest$null;3651;3441;0;68;187;8841;5520;3201;120;9163;15253
1191758;org.apache.commons.lang3.builder.ToStringStyleTest$null;8;5;12;59;126;8853;5532;3201;120;9151;15312
1191781;org.apache.commons.lang3.concurrent.AtomicInitializerTest$null;6;5;1;1;1;8854;5533;3201;120;9150;15313
1192158;org.apache.commons.lang3.concurrent.AtomicSafeInitializerTest$null;10;5;3;3;3;8857;5534;3201;122;9147;15316
1192432;org.apache.commons.lang3.concurrent.BackgroundInitializerTest$null;12;6;18;31;31;8875;5542;3210;123;9129;15347
1192670;org.apache.commons.lang3.concurrent.BasicThreadFactoryTest$null;19;24;14;14;14;8889;5553;3213;123;9115;15361
1192690;org.apache.commons.lang3.concurrent.CallableBackgroundInitializerTest$null;3;2;3;3;7;8892;5556;3213;123;9112;15364
1193283;org.apache.commons.lang3.concurrent.ConcurrentUtilsTest$null;26;21;31;34;38;8923;5570;3230;123;9081;15398
1193326;org.apache.commons.lang3.concurrent.ConstantInitializerTest$null;4;3;8;14;15;8931;5575;3233;123;9073;15412
1193332;org.apache.commons.lang3.concurrent.LazyInitializerTest$null;6;6;2;2;2;8933;5577;3233;123;9071;15414
1194177;org.apache.commons.lang3.concurrent.MultiBackgroundInitializerTest$null;30;46;17;19;46;8950;5589;3237;124;9054;15433
1258087;org.apache.commons.lang3.concurrent.TimedSemaphoreTest$null;1192;1214;48;57;57;8998;5624;3244;130;9006;15490
1258383;org.apache.commons.lang3.event.EventListenerSupportTest$null;24;32;13;16;21;9012;5631;3250;131;8992;15506
1259940;org.apache.commons.lang3.event.EventUtilsTest$null;15;16;25;106;237;9037;5637;3269;131;8967;15612
1260770;org.apache.commons.lang3.exception.ContextedExceptionTest$null;18;20;23;51;77;9060;5655;3274;131;8944;15663
1261266;org.apache.commons.lang3.exception.ContextedRuntimeExceptionTest$null;18;17;3;31;77;9063;5657;3275;131;8941;15694
1261617;org.apache.commons.lang3.exception.DefaultExceptionContextTest$null;12;11;0;27;64;9063;5657;3275;131;8941;15721
1267387;org.apache.commons.lang3.exception.ExceptionUtilsTest$null;42;30;114;250;363;9177;5705;3339;133;8827;15971
1267535;org.apache.commons.lang3.math.IEEE754rUtilsTest$null;2;1;54;68;68;9231;5727;3371;133;8773;16039
1267585;org.apache.commons.lang3.mutable.MutableBooleanTest$null;3;1;22;23;23;9253;5749;3371;133;8751;16062
1267605;org.apache.commons.lang3.mutable.MutableObjectTest$null;2;1;10;10;10;9263;5755;3375;133;8741;16072
1270384;org.apache.commons.lang3.reflect.ConstructorUtilsTest$null;15;15;52;197;388;9315;5788;3394;133;8689;16269
1273850;org.apache.commons.lang3.reflect.FieldUtilsTest$null;28;25;95;173;262;9410;5834;3443;133;8594;16442
1273963;org.apache.commons.lang3.reflect.InheritanceUtilsTest$null;4;3;28;31;35;9438;5857;3448;133;8566;16473
1280199;org.apache.commons.lang3.reflect.MethodUtilsTest$null;24;21;43;257;576;9481;5882;3465;134;8523;16730
1297223;org.apache.commons.lang3.reflect.TypeUtilsTest$null;85;51;117;337;658;9598;5956;3507;135;8406;17067
1297223;org.apache.commons.lang3.text.CompositeFormatTest$null;2;4;0;0;0;9598;5956;3507;135;8406;17067
1352311;org.apache.commons.lang3.text.ExtendedMessageFormatTest$null;418;937;118;276;330;9716;5995;3571;150;8288;17343
1352654;org.apache.commons.lang3.text.FormattableUtilsTest$null;8;4;38;47;52;9754;6012;3591;151;8250;17390
1365332;org.apache.commons.lang3.text.StrBuilderAppendInsertTest$null;18;13;408;767;817;10162;6228;3780;154;7842;18157
1408831;org.apache.commons.lang3.text.StrBuilderTest$null;31;27;856;1392;1580;11018;6770;4049;199;6986;19549
1408929;org.apache.commons.lang3.text.StrLookupTest$null;4;1;2;2;2;11020;6770;4051;199;6984;19551
1409283;org.apache.commons.lang3.text.StrMatcherTest$null;16;8;39;46;87;11059;6802;4058;199;6945;19597
1438229;org.apache.commons.lang3.text.StrSubstitutorTest$null;157;55;257;464;750;11316;6966;4143;207;6688;20061
1453839;org.apache.commons.lang3.text.StrTokenizerTest$null;48;41;140;331;699;11456;7054;4175;227;6548;20392
1456105;org.apache.commons.lang3.text.WordUtilsTest$null;12;13;146;233;294;11602;7139;4232;231;6402;20625
1456122;org.apache.commons.lang3.text.translate.EntityArraysTest$null;3;2;0;1;15;11602;7139;4232;231;6402;20626
1456151;org.apache.commons.lang3.text.translate.LookupTranslatorTest$null;2;2;0;7;32;11602;7139;4232;231;6402;20633
1456320;org.apache.commons.lang3.text.translate.NumericEntityEscaperTest$null;3;2;5;20;69;11607;7143;4232;232;6397;20653
1456610;org.apache.commons.lang3.text.translate.NumericEntityUnescaperTest$null;3;3;21;58;189;11628;7155;4240;233;6376;20711
1456943;org.apache.commons.lang3.text.translate.OctalUnescaperTest$null;3;2;65;89;134;11693;7198;4261;234;6311;20800
1457022;org.apache.commons.lang3.text.translate.UnicodeEscaperTest$null;2;3;13;29;82;11706;7211;4261;234;6298;20829
1457274;org.apache.commons.lang3.text.translate.UnicodeUnescaperTest$null;3;2;21;51;135;11727;7217;4275;235;6277;20880
1457276;org.apache.commons.lang3.text.translate.UnicodeUnpairedSurrogateRemoverTest$null;2;1;0;1;12;11727;7217;4275;235;6277;20881
1471237;org.apache.commons.lang3.time.DateFormatUtilsTest$null;20;115;368;610;614;12095;7445;4398;252;5909;21491
1471409;org.apache.commons.lang3.time.DateUtilsFragmentTest$null;8;15;24;24;24;12119;7468;4399;252;5885;21515
1485574;org.apache.commons.lang3.time.DateUtilsRoundingTest$null;46;75;171;462;697;12290;7607;4430;253;5714;21977
1512046;org.apache.commons.lang3.time.DateUtilsTest$null;50;89;191;574;1111;12481;7733;4474;274;5523;22551
1871101;org.apache.commons.lang3.time.DurationFormatUtilsTest$null;2386;661;303;661;1066;12784;7964;4521;299;5220;23212
2734031;org.apache.commons.lang3.time.FastDateFormat_ParserTest$null;2112;2036;290;346;526;13074;8041;4586;447;4930;23558
2738133;org.apache.commons.lang3.time.FastDateFormat_PrinterTest$null;24;34;96;217;800;13170;8126;4595;449;4834;23775
3043208;org.apache.commons.lang3.time.FastDateParserTest$null;2285;1580;42;69;289;13212;8126;4595;491;4792;23844
3044903;org.apache.commons.lang3.time.FastDatePrinterTest$null;22;19;1;102;771;13213;8127;4595;491;4791;23946
3334109;org.apache.commons.lang3.time.StopWatchTest$null;4762;4763;51;82;205;13264;8162;4611;491;4740;24028
3334188;org.apache.commons.lang3.tuple.ImmutablePairTest$null;5;4;4;14;22;13268;8165;4612;491;4736;24042
3334269;org.apache.commons.lang3.tuple.ImmutableTripleTest$null;5;6;6;23;29;13274;8170;4613;491;4730;24065
3334305;org.apache.commons.lang3.tuple.MutablePairTest$null;4;5;0;10;22;13274;8170;4613;491;4730;24075
3334393;org.apache.commons.lang3.tuple.MutableTripleTest$null;5;5;4;17;29;13278;8174;4613;491;4726;24092
3334460;org.apache.commons.lang3.tuple.PairTest$null;5;5;3;10;31;13281;8177;4613;491;4723;24102
3334510;org.apache.commons.lang3.tuple.TripleTest$null;5;6;0;8;31;13281;8177;4613;491;4723;24110
