CurrentTotalRuntime;Testname;RuntimeToGetCoverage;RuntimeOriginal;KilledByTest;AnalyzedByTest;CoveredByTest;TotalKilled;TotalFailure;TotalException;TotalTimeout;LiveMutants;TotalAnalyzed
10351;org.apache.commons.lang3.AnnotationUtilsTest$null;51;66;163;422;422;163;93;70;0;21218;422
14420;org.apache.commons.lang3.ArrayUtilsAddTest$null;14;21;255;294;294;418;153;265;0;20963;716
25288;org.apache.commons.lang3.ArrayUtilsRemoveMultipleTest$null;27;54;398;573;594;816;408;407;1;20565;1289
27303;org.apache.commons.lang3.ArrayUtilsRemoveTest$null;15;23;71;170;287;887;441;445;1;20494;1459
122511;org.apache.commons.lang3.ArrayUtilsTest$null;79;127;1804;2516;2736;2691;1533;1157;1;18690;3975
123498;org.apache.commons.lang3.BitFieldTest$null;7;5;45;52;52;2736;1570;1157;9;18645;4027
132883;org.apache.commons.lang3.BooleanUtilsTest$null;34;36;295;494;532;3031;1797;1225;9;18350;4521
133570;org.apache.commons.lang3.CharEncodingTest$null;25;40;4;93;93;3035;1799;1227;9;18346;4614
148984;org.apache.commons.lang3.CharRangeTest$null;150;49;158;213;213;3193;1933;1241;19;18188;4827
148987;org.apache.commons.lang3.CharSequenceUtilsTest$null;3;1;1;1;1;3194;1933;1242;19;18187;4828
153344;org.apache.commons.lang3.CharSetTest$null;29;25;132;200;299;3326;2004;1295;27;18055;5028
155044;org.apache.commons.lang3.CharSetUtilsTest$null;23;23;67;102;230;3393;2048;1318;27;17988;5130
156584;org.apache.commons.lang3.CharUtilsTest$null;25;23;124;140;146;3517;2140;1350;27;17864;5270
178323;org.apache.commons.lang3.ClassUtilsTest$null;62;70;320;510;602;3837;2332;1468;37;17544;5780
218171;org.apache.commons.lang3.ConversionTest$null;33;19;1780;2515;2515;5617;3412;2168;37;15764;8295
220501;org.apache.commons.lang3.EnumUtilsTest$null;25;24;100;147;213;5717;3478;2202;37;15664;8442
249028;org.apache.commons.lang3.HashSetvBitSetTest$null;26019;1384;0;29;167;5717;3478;2202;37;15664;8471
249084;org.apache.commons.lang3.JavaVersionTest$null;3;1;21;31;39;5738;3499;2202;37;15643;8502
250852;org.apache.commons.lang3.LocaleUtilsTest$null;13;23;154;241;268;5892;3570;2285;37;15489;8743
250853;org.apache.commons.lang3.NotImplementedExceptionTest$null;2;1;0;0;0;5892;3570;2285;37;15489;8743
255599;org.apache.commons.lang3.ObjectUtilsTest$null;32;26;136;215;262;6028;3656;2334;38;15353;8958
278984;org.apache.commons.lang3.RandomStringUtilsTest$null;148;132;145;194;194;6173;3740;2381;52;15208;9152
280116;org.apache.commons.lang3.RangeTest$null;16;29;105;175;178;6278;3826;2399;53;15103;9327
280384;org.apache.commons.lang3.SerializationUtilsTest$null;22;39;15;23;26;6293;3826;2414;53;15088;9350
665853;org.apache.commons.lang3.StringEscapeUtilsTest$null;4320;387;447;696;745;6740;4074;2588;78;14641;10046
685210;org.apache.commons.lang3.StringUtilsEqualsIndexOfTest$null;33;43;459;655;729;7200;4346;2771;83;14181;10701
687650;org.apache.commons.lang3.StringUtilsIsTest$null;27;35;114;131;159;7314;4436;2795;83;14067;10832
690894;org.apache.commons.lang3.StringUtilsStartsEndsWithTest$null;34;60;63;113;172;7377;4478;2816;83;14004;10945
697101;org.apache.commons.lang3.StringUtilsSubstringTest$null;28;32;190;257;296;7567;4567;2911;89;13814;11202
1062042;org.apache.commons.lang3.StringUtilsTest$null;410;301;1419;2148;2560;8987;5412;3469;106;12394;13350
1065049;org.apache.commons.lang3.StringUtilsTrimEmptyTest$null;36;51;62;87;126;9049;5434;3506;109;12332;13437
1065363;org.apache.commons.lang3.SystemUtilsTest$null;6;5;20;68;95;9069;5450;3510;109;12312;13505
1068022;org.apache.commons.lang3.ValidateTest$null;50;37;120;170;260;9189;5513;3566;110;12192;13675
1079567;org.apache.commons.lang3.builder.CompareToBuilderTest$null;37;35;481;694;766;9670;5904;3656;110;11711;14369
1084640;org.apache.commons.lang3.builder.DefaultToStringStyleTest$null;31;31;113;276;463;9783;6009;3664;110;11598;14645
1090803;org.apache.commons.lang3.builder.EqualsBuilderTest$null;38;34;86;248;476;9869;6062;3697;110;11512;14893
1093966;org.apache.commons.lang3.builder.HashCodeBuilderAndEqualsBuilderTest$null;28;27;17;140;251;9886;6062;3714;110;11495;15033
1096375;org.apache.commons.lang3.builder.HashCodeBuilderTest$null;24;22;175;226;299;10061;6208;3743;110;11320;15259
1100362;org.apache.commons.lang3.builder.MultiLineToStringStyleTest$null;45;31;10;165;464;10071;6218;3743;110;11310;15424
1104094;org.apache.commons.lang3.builder.NoFieldNamesToStringStyleTest$null;28;30;3;155;460;10074;6221;3743;110;11307;15579
1104094;org.apache.commons.lang3.builder.ReflectionToStringBuilderConcurrencyTest$null;3;0;0;0;0;10074;6221;3743;110;11307;15579
1106740;org.apache.commons.lang3.builder.ReflectionToStringBuilderExcludeTest$null;23;26;29;153;342;10103;6239;3754;110;11278;15732
1106740;org.apache.commons.lang3.builder.ReflectionToStringBuilderMutateInspectConcurrencyTest$null;2;0;0;0;0;10103;6239;3754;110;11278;15732
1109684;org.apache.commons.lang3.builder.ShortPrefixToStringStyleTest$null;28;29;4;150;459;10107;6243;3754;110;11274;15882
1112151;org.apache.commons.lang3.builder.SimpleToStringStyleTest$null;25;29;5;138;442;10112;6247;3755;110;11269;16020
1115454;org.apache.commons.lang3.builder.StandardToStringStyleTest$null;26;22;10;159;477;10122;6257;3755;110;11259;16179
1126185;org.apache.commons.lang3.builder.ToStringBuilderTest$null;58;57;219;396;738;10341;6439;3792;110;11040;16575
1419610;org.apache.commons.lang3.builder.ToStringStyleConcurrencyTest$null;4451;4031;0;64;183;10341;6439;3792;110;11040;16639
1420186;org.apache.commons.lang3.builder.ToStringStyleTest$null;9;8;12;61;126;10353;6451;3792;110;11028;16700
1420245;org.apache.commons.lang3.concurrent.AtomicInitializerTest$null;7;26;1;1;1;10354;6452;3792;110;11027;16701
1420715;org.apache.commons.lang3.concurrent.AtomicSafeInitializerTest$null;13;13;3;3;3;10357;6453;3792;112;11024;16704
1421968;org.apache.commons.lang3.concurrent.BackgroundInitializerTest$null;8;7;19;31;31;10376;6463;3800;113;11005;16735
1422823;org.apache.commons.lang3.concurrent.BasicThreadFactoryTest$null;24;28;14;14;14;10390;6472;3803;115;10991;16749
1422863;org.apache.commons.lang3.concurrent.CallableBackgroundInitializerTest$null;5;2;3;3;7;10393;6475;3803;115;10988;16752
1423177;org.apache.commons.lang3.concurrent.ConcurrentUtilsTest$null;30;26;30;33;38;10423;6489;3819;115;10958;16785
1423215;org.apache.commons.lang3.concurrent.ConstantInitializerTest$null;6;2;3;9;15;10426;6491;3820;115;10955;16794
1423221;org.apache.commons.lang3.concurrent.LazyInitializerTest$null;9;3;2;2;2;10428;6493;3820;115;10953;16796
1425535;org.apache.commons.lang3.concurrent.MultiBackgroundInitializerTest$null;98;87;17;19;46;10445;6505;3823;117;10936;16815
1475221;org.apache.commons.lang3.concurrent.TimedSemaphoreTest$null;1192;1194;48;57;57;10493;6540;3829;124;10888;16872
1475676;org.apache.commons.lang3.event.EventListenerSupportTest$null;35;36;13;16;21;10507;6547;3835;125;10874;16888
1477534;org.apache.commons.lang3.event.EventUtilsTest$null;27;30;19;79;232;10526;6553;3848;125;10855;16967
1478541;org.apache.commons.lang3.exception.ContextedExceptionTest$null;36;38;23;51;77;10549;6573;3851;125;10832;17018
1479169;org.apache.commons.lang3.exception.ContextedRuntimeExceptionTest$null;34;33;3;31;77;10552;6575;3852;125;10829;17049
1479626;org.apache.commons.lang3.exception.DefaultExceptionContextTest$null;26;20;0;27;64;10552;6575;3852;125;10829;17076
1488780;org.apache.commons.lang3.exception.ExceptionUtilsTest$null;69;54;114;252;363;10666;6623;3916;127;10715;17328
2397011;org.apache.commons.lang3.math.FractionTest$null;10180;334;670;868;868;11336;7081;4092;163;10045;18196
2397233;org.apache.commons.lang3.math.IEEE754rUtilsTest$null;4;1;54;68;68;11390;7103;4124;163;9991;18264
2417230;org.apache.commons.lang3.math.NumberUtilsTest$null;33;32;591;865;892;11981;7461;4355;165;9400;19129
2417309;org.apache.commons.lang3.mutable.MutableBooleanTest$null;3;2;20;21;21;12001;7481;4355;165;9380;19150
2417386;org.apache.commons.lang3.mutable.MutableByteTest$null;4;2;20;22;22;12021;7501;4355;165;9360;19172
2417460;org.apache.commons.lang3.mutable.MutableDoubleTest$null;4;2;15;19;19;12036;7514;4357;165;9345;19191
2417511;org.apache.commons.lang3.mutable.MutableFloatTest$null;7;2;12;13;13;12048;7524;4359;165;9333;19204
2417600;org.apache.commons.lang3.mutable.MutableIntTest$null;7;2;19;21;22;12067;7543;4359;165;9314;19225
2417692;org.apache.commons.lang3.mutable.MutableLongTest$null;5;2;22;28;28;12089;7565;4359;165;9292;19253
2417714;org.apache.commons.lang3.mutable.MutableObjectTest$null;3;1;10;10;10;12099;7571;4363;165;9282;19263
2417772;org.apache.commons.lang3.mutable.MutableShortTest$null;4;2;20;22;22;12119;7591;4363;165;9262;19285
2421595;org.apache.commons.lang3.reflect.ConstructorUtilsTest$null;21;24;47;152;380;12166;7623;4377;166;9215;19437
2426383;org.apache.commons.lang3.reflect.FieldUtilsTest$null;36;49;85;145;237;12251;7663;4422;166;9130;19582
2426539;org.apache.commons.lang3.reflect.InheritanceUtilsTest$null;4;5;28;31;35;12279;7686;4427;166;9102;19613
2434410;org.apache.commons.lang3.reflect.MethodUtilsTest$null;34;48;50;231;571;12329;7717;4446;166;9052;19844
2437360;org.apache.commons.lang3.reflect.TypeLiteralTest$null;14;23;24;157;267;12353;7722;4465;166;9028;20001
2458042;org.apache.commons.lang3.reflect.TypeUtilsTest$null;87;87;101;320;633;12454;7796;4491;167;8927;20321
2458042;org.apache.commons.lang3.text.CompositeFormatTest$null;3;6;0;0;0;12454;7796;4491;167;8927;20321
2525703;org.apache.commons.lang3.text.ExtendedMessageFormatTest$null;405;1095;115;274;330;12569;7832;4555;182;8812;20595
2526091;org.apache.commons.lang3.text.FormattableUtilsTest$null;9;5;38;47;52;12607;7847;4577;183;8774;20642
2540751;org.apache.commons.lang3.text.StrBuilderAppendInsertTest$null;32;17;406;768;817;13013;8062;4765;186;8368;21410
2609141;org.apache.commons.lang3.text.StrBuilderTest$null;64;51;848;1392;1580;13861;8597;5041;223;7520;22802
2609172;org.apache.commons.lang3.text.StrLookupTest$null;4;1;2;2;2;13863;8597;5043;223;7518;22804
2610253;org.apache.commons.lang3.text.StrMatcherTest$null;21;18;39;46;87;13902;8629;5050;223;7479;22850
2646086;org.apache.commons.lang3.text.StrSubstitutorTest$null;152;68;257;464;750;14159;8793;5135;231;7222;23314
2670387;org.apache.commons.lang3.text.StrTokenizerTest$null;72;53;141;332;707;14300;8880;5171;249;7081;23646
2674637;org.apache.commons.lang3.text.WordUtilsTest$null;25;27;146;236;294;14446;8965;5228;253;6935;23882
2674654;org.apache.commons.lang3.text.translate.EntityArraysTest$null;5;2;0;1;15;14446;8965;5228;253;6935;23883
2674679;org.apache.commons.lang3.text.translate.LookupTranslatorTest$null;4;2;0;7;32;14446;8965;5228;253;6935;23890
2674724;org.apache.commons.lang3.text.translate.NumericEntityEscaperTest$null;5;2;4;18;71;14450;8969;5228;253;6931;23908
2675076;org.apache.commons.lang3.text.translate.NumericEntityUnescaperTest$null;4;3;21;57;189;14471;8981;5236;254;6910;23965
2675866;org.apache.commons.lang3.text.translate.OctalUnescaperTest$null;3;2;64;88;134;14535;9024;5257;254;6846;24053
2675955;org.apache.commons.lang3.text.translate.UnicodeEscaperTest$null;3;2;13;28;84;14548;9037;5257;254;6833;24081
2676178;org.apache.commons.lang3.text.translate.UnicodeUnescaperTest$null;3;2;21;50;135;14569;9043;5271;255;6812;24131
2692803;org.apache.commons.lang3.time.DateFormatUtilsTest$null;26;126;368;588;592;14937;9273;5394;270;6444;24719
2693133;org.apache.commons.lang3.time.DateUtilsFragmentTest$null;9;10;62;63;63;14999;9333;5396;270;6382;24782
2708284;org.apache.commons.lang3.time.DateUtilsRoundingTest$null;52;100;170;440;675;15169;9472;5427;270;6212;25222
2737781;org.apache.commons.lang3.time.DateUtilsTest$null;54;126;192;556;1091;15361;9597;5470;294;6020;25778
3201135;org.apache.commons.lang3.time.DurationFormatUtilsTest$null;2777;982;301;641;1045;15662;9828;5514;320;5719;26419
3562803;org.apache.commons.lang3.time.FastDateFormatTest$null;3219;1037;85;346;669;15747;9895;5531;321;5634;26765
4261447;org.apache.commons.lang3.time.FastDateFormat_ParserTest$null;1177;1492;205;267;511;15952;9939;5567;446;5429;27032
4342608;org.apache.commons.lang3.time.FastDateFormat_PrinterTest$null;44;30;90;197;777;16042;9991;5570;481;5339;27229
4392881;org.apache.commons.lang3.time.FastDateParserTest$null;1613;900;5;70;274;16047;9995;5571;481;5334;27299
4395459;org.apache.commons.lang3.time.FastDatePrinterTest$null;38;28;2;105;748;16049;9997;5571;481;5332;27404
4674671;org.apache.commons.lang3.time.StopWatchTest$null;4775;4773;52;85;209;16101;10033;5587;481;5280;27489
4674820;org.apache.commons.lang3.tuple.ImmutablePairTest$null;8;6;5;15;22;16106;10037;5588;481;5275;27504
4674945;org.apache.commons.lang3.tuple.ImmutableTripleTest$null;8;8;6;23;29;16112;10042;5589;481;5269;27527
4675016;org.apache.commons.lang3.tuple.MutablePairTest$null;8;6;0;10;22;16112;10042;5589;481;5269;27537
4675117;org.apache.commons.lang3.tuple.MutableTripleTest$null;9;6;4;17;29;16116;10046;5589;481;5265;27554
4675282;org.apache.commons.lang3.tuple.PairTest$null;10;7;3;10;31;16119;10049;5589;481;5262;27564
4675366;org.apache.commons.lang3.tuple.TripleTest$null;11;8;0;8;31;16119;10049;5589;481;5262;27572
