CurrentTotalRuntime;Testname;RuntimeToGetCoverage;RuntimeOriginal;KilledByTest;AnalyzedByTest;CoveredByTest;TotalKilled;TotalFailure;TotalException;TotalTimeout;LiveMutants;TotalAnalyzed
11282;org.apache.commons.lang3.AnnotationUtilsTest$null;55;46;163;422;422;163;93;70;0;17843;422
14494;org.apache.commons.lang3.ArrayUtilsAddTest$null;14;13;255;294;294;418;153;265;0;17588;716
23684;org.apache.commons.lang3.ArrayUtilsRemoveMultipleTest$null;27;42;396;573;594;814;407;407;0;17192;1289
25377;org.apache.commons.lang3.ArrayUtilsRemoveTest$null;14;18;71;170;287;885;440;445;0;17121;1459
26333;org.apache.commons.lang3.BitFieldTest$null;10;5;45;52;52;930;477;445;8;17076;1511
33618;org.apache.commons.lang3.BooleanUtilsTest$null;34;24;301;503;532;1231;707;516;8;16775;2014
34326;org.apache.commons.lang3.CharEncodingTest$null;11;28;4;93;93;1235;709;518;8;16771;2107
46328;org.apache.commons.lang3.CharRangeTest$null;108;50;158;213;213;1393;843;532;18;16613;2320
46329;org.apache.commons.lang3.CharSequenceUtilsTest$null;3;2;1;1;1;1394;843;533;18;16612;2321
50107;org.apache.commons.lang3.CharSetTest$null;19;23;133;206;299;1527;915;585;27;16479;2527
51263;org.apache.commons.lang3.CharSetUtilsTest$null;19;16;67;102;230;1594;959;608;27;16412;2629
52814;org.apache.commons.lang3.CharUtilsTest$null;22;31;124;140;146;1718;1051;640;27;16288;2769
52878;org.apache.commons.lang3.ClassPathUtilsTest$null;8;7;9;15;15;1727;1060;640;27;16279;2784
72776;org.apache.commons.lang3.ClassUtilsTest$null;59;61;362;559;602;2089;1283;769;37;15917;3343
101376;org.apache.commons.lang3.ConversionTest$null;35;20;1780;2515;2515;3869;2363;1469;37;14137;5858
103463;org.apache.commons.lang3.EnumUtilsTest$null;24;24;110;162;213;3979;2433;1509;37;14027;6020
134536;org.apache.commons.lang3.HashSetvBitSetTest$null;28155;1055;0;35;167;3979;2433;1509;37;14027;6055
134628;org.apache.commons.lang3.JavaVersionTest$null;3;1;21;31;39;4000;2454;1509;37;14006;6086
139698;org.apache.commons.lang3.LocaleUtilsTest$null;18;37;193;339;375;4193;2529;1627;37;13813;6425
139698;org.apache.commons.lang3.NotImplementedExceptionTest$null;2;0;0;0;0;4193;2529;1627;37;13813;6425
152624;org.apache.commons.lang3.RandomStringUtilsTest$null;88;64;144;194;194;4337;2616;1673;48;13669;6619
153027;org.apache.commons.lang3.RandomUtilsTest$null;11;8;70;91;95;4407;2656;1702;49;13599;6710
153321;org.apache.commons.lang3.SerializationUtilsTest$null;25;61;15;23;26;4422;2656;1717;49;13584;6733
529933;org.apache.commons.lang3.StringEscapeUtilsTest$null;4414;424;485;739;785;4907;2944;1890;73;13099;7472
543242;org.apache.commons.lang3.StringUtilsEqualsIndexOfTest$null;34;33;462;658;729;5369;3219;2073;77;12637;8130
545952;org.apache.commons.lang3.StringUtilsIsTest$null;30;27;114;131;159;5483;3309;2097;77;12523;8261
548298;org.apache.commons.lang3.StringUtilsStartsEndsWithTest$null;28;25;68;121;172;5551;3355;2119;77;12455;8382
552918;org.apache.commons.lang3.StringUtilsSubstringTest$null;18;21;190;257;296;5741;3444;2214;83;12265;8639
935481;org.apache.commons.lang3.StringUtilsTest$null;494;263;1568;2339;2747;7309;4401;2807;101;10697;10978
937756;org.apache.commons.lang3.StringUtilsTrimEmptyTest$null;23;43;62;87;126;7371;4423;2844;104;10635;11065
937970;org.apache.commons.lang3.SystemUtilsTest$null;7;4;20;68;95;7391;4439;2848;104;10615;11133
942970;org.apache.commons.lang3.ValidateTest$null;22;29;168;254;340;7559;4522;2932;105;10447;11387
956862;org.apache.commons.lang3.builder.CompareToBuilderTest$null;35;31;486;724;766;8045;4916;3024;105;9961;12111
962306;org.apache.commons.lang3.builder.DefaultToStringStyleTest$null;25;25;162;333;463;8207;5063;3039;105;9799;12444
983822;org.apache.commons.lang3.builder.DiffBuilderTest$null;50;55;190;677;834;8397;5197;3095;105;9609;13121
988046;org.apache.commons.lang3.builder.DiffResultTest$null;31;19;15;168;391;8412;5211;3096;105;9594;13289
988930;org.apache.commons.lang3.builder.DiffTest$null;10;1;0;67;152;8412;5211;3096;105;9594;13356
995029;org.apache.commons.lang3.builder.EqualsBuilderTest$null;26;35;148;316;476;8560;5319;3135;106;9446;13672
997581;org.apache.commons.lang3.builder.HashCodeBuilderAndEqualsBuilderTest$null;21;18;18;149;251;8578;5319;3153;106;9428;13821
1001023;org.apache.commons.lang3.builder.HashCodeBuilderTest$null;15;16;184;239;299;8762;5470;3186;106;9244;14060
1004465;org.apache.commons.lang3.builder.MultiLineToStringStyleTest$null;17;21;10;169;464;8772;5480;3186;106;9234;14229
1007540;org.apache.commons.lang3.builder.NoFieldNamesToStringStyleTest$null;17;22;5;159;460;8777;5484;3186;107;9229;14388
1011711;org.apache.commons.lang3.builder.RecursiveToStringStyleTest$null;21;23;24;207;508;8801;5499;3195;107;9205;14595
1011711;org.apache.commons.lang3.builder.ReflectionToStringBuilderConcurrencyTest$null;2;1;0;0;0;8801;5499;3195;107;9205;14595
1013921;org.apache.commons.lang3.builder.ReflectionToStringBuilderExcludeTest$null;13;18;14;140;342;8815;5508;3200;107;9191;14735
1013921;org.apache.commons.lang3.builder.ReflectionToStringBuilderMutateInspectConcurrencyTest$null;2;0;0;0;0;8815;5508;3200;107;9191;14735
1016982;org.apache.commons.lang3.builder.ShortPrefixToStringStyleTest$null;15;21;0;152;459;8815;5508;3200;107;9191;14887
1019745;org.apache.commons.lang3.builder.SimpleToStringStyleTest$null;16;21;13;144;442;8828;5519;3201;108;9178;15031
1022734;org.apache.commons.lang3.builder.StandardToStringStyleTest$null;17;10;10;157;477;8838;5529;3201;108;9168;15188
1331769;org.apache.commons.lang3.builder.ToStringStyleConcurrencyTest$null;4063;3655;0;68;183;8838;5529;3201;108;9168;15256
1332236;org.apache.commons.lang3.builder.ToStringStyleTest$null;14;7;12;60;126;8850;5541;3201;108;9156;15316
1332274;org.apache.commons.lang3.concurrent.AtomicInitializerTest$null;17;10;1;1;1;8851;5542;3201;108;9155;15317
1332882;org.apache.commons.lang3.concurrent.AtomicSafeInitializerTest$null;27;10;3;3;3;8854;5543;3201;110;9152;15320
1333238;org.apache.commons.lang3.concurrent.BackgroundInitializerTest$null;14;13;18;31;31;8872;5551;3210;111;9134;15351
1333514;org.apache.commons.lang3.concurrent.BasicThreadFactoryTest$null;33;32;14;14;14;8886;5562;3213;111;9120;15365
1333523;org.apache.commons.lang3.concurrent.CallableBackgroundInitializerTest$null;5;3;3;3;7;8889;5565;3213;111;9117;15368
1334073;org.apache.commons.lang3.concurrent.ConcurrentUtilsTest$null;31;27;31;34;38;8920;5579;3230;111;9086;15402
1334138;org.apache.commons.lang3.concurrent.ConstantInitializerTest$null;6;3;8;14;15;8928;5584;3233;111;9078;15416
1334145;org.apache.commons.lang3.concurrent.LazyInitializerTest$null;15;5;2;2;2;8930;5586;3233;111;9076;15418
1335559;org.apache.commons.lang3.concurrent.MultiBackgroundInitializerTest$null;102;113;17;19;46;8947;5598;3237;112;9059;15437
1403933;org.apache.commons.lang3.concurrent.TimedSemaphoreTest$null;1182;1190;48;57;57;8995;5633;3244;118;9011;15494
1404513;org.apache.commons.lang3.event.EventListenerSupportTest$null;34;46;13;16;21;9009;5640;3250;119;8997;15510
1406614;org.apache.commons.lang3.event.EventUtilsTest$null;21;26;25;106;237;9034;5646;3269;119;8972;15616
1407590;org.apache.commons.lang3.exception.ContextedExceptionTest$null;33;35;23;51;77;9057;5664;3274;119;8949;15667
1408243;org.apache.commons.lang3.exception.ContextedRuntimeExceptionTest$null;34;30;3;31;77;9060;5666;3275;119;8946;15698
1408752;org.apache.commons.lang3.exception.DefaultExceptionContextTest$null;22;18;0;27;64;9060;5666;3275;119;8946;15725
1417895;org.apache.commons.lang3.exception.ExceptionUtilsTest$null;54;52;113;251;363;9173;5714;3338;121;8833;15976
1418105;org.apache.commons.lang3.math.IEEE754rUtilsTest$null;5;1;54;68;68;9227;5736;3370;121;8779;16044
1418177;org.apache.commons.lang3.mutable.MutableBooleanTest$null;7;2;22;23;23;9249;5758;3370;121;8757;16067
1418193;org.apache.commons.lang3.mutable.MutableObjectTest$null;5;1;10;10;10;9259;5764;3374;121;8747;16077
1422196;org.apache.commons.lang3.reflect.ConstructorUtilsTest$null;25;15;52;197;388;9311;5797;3393;121;8695;16274
1427277;org.apache.commons.lang3.reflect.FieldUtilsTest$null;45;36;95;173;262;9406;5845;3440;121;8600;16447
1427445;org.apache.commons.lang3.reflect.InheritanceUtilsTest$null;7;5;28;31;35;9434;5868;3445;121;8572;16478
1435409;org.apache.commons.lang3.reflect.MethodUtilsTest$null;36;33;43;259;576;9477;5893;3462;122;8529;16737
1456709;org.apache.commons.lang3.reflect.TypeUtilsTest$null;100;82;117;339;658;9594;5967;3504;123;8412;17076
1456709;org.apache.commons.lang3.text.CompositeFormatTest$null;4;4;0;0;0;9594;5967;3504;123;8412;17076
1523925;org.apache.commons.lang3.text.ExtendedMessageFormatTest$null;363;1203;117;278;330;9711;6005;3568;138;8295;17354
1524297;org.apache.commons.lang3.text.FormattableUtilsTest$null;6;5;38;47;52;9749;6022;3588;139;8257;17401
1538591;org.apache.commons.lang3.text.StrBuilderAppendInsertTest$null;18;16;408;769;817;10157;6238;3777;142;7849;18170
1585825;org.apache.commons.lang3.text.StrBuilderTest$null;39;36;850;1392;1580;11007;6779;4045;183;6999;19562
1585861;org.apache.commons.lang3.text.StrLookupTest$null;3;7;2;2;2;11009;6779;4047;183;6997;19564
1586280;org.apache.commons.lang3.text.StrMatcherTest$null;11;22;39;46;87;11048;6811;4054;183;6958;19610
1620505;org.apache.commons.lang3.text.StrSubstitutorTest$null;151;65;257;464;750;11305;6976;4139;189;6701;20074
1640733;org.apache.commons.lang3.text.StrTokenizerTest$null;54;42;142;337;699;11447;7064;4172;210;6559;20411
1644757;org.apache.commons.lang3.text.WordUtilsTest$null;19;11;147;234;294;11594;7149;4229;215;6412;20645
1644761;org.apache.commons.lang3.text.translate.EntityArraysTest$null;5;1;0;1;15;11594;7149;4229;215;6412;20646
1644832;org.apache.commons.lang3.text.translate.LookupTranslatorTest$null;5;2;0;7;32;11594;7149;4229;215;6412;20653
1644892;org.apache.commons.lang3.text.translate.NumericEntityEscaperTest$null;4;1;4;19;69;11598;7153;4229;215;6408;20672
1645257;org.apache.commons.lang3.text.translate.NumericEntityUnescaperTest$null;6;2;21;58;189;11619;7165;4237;216;6387;20730
1645694;org.apache.commons.lang3.text.translate.OctalUnescaperTest$null;5;1;65;89;134;11684;7209;4258;216;6322;20819
1645825;org.apache.commons.lang3.text.translate.UnicodeEscaperTest$null;5;2;13;29;82;11697;7222;4258;216;6309;20848
1646174;org.apache.commons.lang3.text.translate.UnicodeUnescaperTest$null;4;2;21;51;135;11718;7228;4272;217;6288;20899
1646178;org.apache.commons.lang3.text.translate.UnicodeUnpairedSurrogateRemoverTest$null;5;1;0;1;12;11718;7228;4272;217;6288;20900
1665295;org.apache.commons.lang3.time.DateFormatUtilsTest$null;40;142;369;610;614;12087;7457;4398;231;5919;21510
1665542;org.apache.commons.lang3.time.DateUtilsFragmentTest$null;9;9;24;24;24;12111;7480;4399;231;5895;21534
1681488;org.apache.commons.lang3.time.DateUtilsRoundingTest$null;77;116;170;461;697;12281;7619;4430;231;5725;21995
1714897;org.apache.commons.lang3.time.DateUtilsTest$null;63;117;191;575;1111;12472;7742;4473;256;5534;22570
2205376;org.apache.commons.lang3.time.DurationFormatUtilsTest$null;3242;839;303;661;1066;12775;7973;4520;281;5231;23231
2844543;org.apache.commons.lang3.time.FastDateFormatTest$null;1523;2027;77;322;644;12852;8009;4559;283;5154;23553
3810463;org.apache.commons.lang3.time.FastDateFormat_ParserTest$null;2781;2423;250;295;526;13102;8080;4605;416;4904;23848
3822281;org.apache.commons.lang3.time.FastDateFormat_PrinterTest$null;39;32;70;188;800;13172;8146;4608;417;4834;24036
4232450;org.apache.commons.lang3.time.FastDateParserTest$null;3114;2321;59;62;289;13231;8149;4608;473;4775;24098
4234789;org.apache.commons.lang3.time.FastDatePrinterTest$null;28;25;5;91;771;13236;8153;4608;474;4770;24189
4522262;org.apache.commons.lang3.time.StopWatchTest$null;4766;4765;52;82;205;13288;8189;4624;474;4718;24271
4522384;org.apache.commons.lang3.tuple.ImmutablePairTest$null;8;5;4;14;22;13292;8192;4625;474;4714;24285
4522548;org.apache.commons.lang3.tuple.ImmutableTripleTest$null;7;4;6;23;29;13298;8197;4626;474;4708;24308
4522613;org.apache.commons.lang3.tuple.MutablePairTest$null;6;3;0;10;22;13298;8197;4626;474;4708;24318
4522705;org.apache.commons.lang3.tuple.MutableTripleTest$null;7;4;4;17;29;13302;8201;4626;474;4704;24335
4522798;org.apache.commons.lang3.tuple.PairTest$null;8;4;3;10;31;13305;8204;4626;474;4701;24345
4522859;org.apache.commons.lang3.tuple.TripleTest$null;9;4;0;8;31;13305;8204;4626;474;4701;24353
