CurrentTotalRuntime;Testname;RuntimeToGetCoverage;RuntimeOriginal;KilledByTest;AnalyzedByTest;CoveredByTest;TotalKilled;TotalFailure;TotalException;TotalTimeout;LiveMutants;TotalAnalyzed
453;com.thesleepless.helium.ActionRegisterBuilderTest$null;41;41;6;10;10;6;0;6;0;297;10
1822;com.thesleepless.helium.ArticleBuilderTest$null;76;118;12;21;25;18;10;8;0;285;31
11908;com.thesleepless.helium.ArticleParserTest$null;165;218;65;80;93;83;55;27;1;220;111
12037;com.thesleepless.helium.HeliumFactoryTest$null;33;10;2;5;12;85;55;29;1;218;116
12687;com.thesleepless.helium.RegisterActionTest$null;125;91;3;8;49;88;57;30;1;215;124
13054;com.thesleepless.helium.action.ActionActionTest$null;59;39;2;7;52;90;58;31;1;213;131
14182;com.thesleepless.helium.action.ActionSetActionTest$null;85;68;8;15;56;98;58;39;1;205;146
14980;com.thesleepless.helium.action.ConstructActionTest$null;129;118;3;8;48;101;60;40;1;202;154
17510;com.thesleepless.helium.action.IncludeActionTest$null;120;96;12;26;81;113;70;42;1;190;180
20555;com.thesleepless.helium.action.IterateActionTest$null;131;114;8;22;77;121;74;45;2;182;202
21542;com.thesleepless.helium.action.ListActionTest$null;103;103;8;13;60;129;81;46;2;174;215
23184;com.thesleepless.helium.action.VarActionTest$null;104;92;5;16;96;134;85;47;2;169;231
27363;com.thesleepless.helium.action.WhenActionTest$null;176;140;23;34;88;157;100;55;2;146;265
32864;com.thesleepless.helium.ui.text.CommandLineTest$null;214;130;47;66;184;204;127;75;2;99;331
32924;com.thesleepless.helium.util.IteratorFactoryTest$null;22;2;3;3;7;207;129;76;2;96;334
33419;com.thesleepless.helium.util.TagUtilTest$null;33;11;1;8;34;208;129;77;2;95;342
34536;com.thesleepless.heliumx.net.UrlEncodeActionTest$null;102;118;9;13;60;217;134;80;3;86;355
54795;com.thesleepless.heliumx.servlet.HeliumServletTest$null;351;333;28;55;109;245;151;91;3;58;410
58387;com.thesleepless.heliumx.servlet.action.AttributeActionTest$null;219;173;12;18;75;257;160;94;3;46;428
66240;com.thesleepless.heliumx.servlet.action.CookieActionTest$null;395;276;18;28;84;275;169;103;3;28;456
67098;com.thesleepless.heliumx.servlet.action.ParameterActionTest$null;198;62;0;6;58;275;169;103;3;28;462
69671;com.thesleepless.heliumx.servlet.action.RequestActionTest$null;234;158;4;12;62;279;173;103;3;24;474
