CurrentTotalRuntime;Testname;RuntimeToGetCoverage;RuntimeOriginal;KilledByTest;AnalyzedByTest;CoveredByTest;TotalKilled;TotalFailure;TotalException;TotalTimeout;LiveMutants;TotalAnalyzed
432;com.thesleepless.helium.ActionRegisterBuilderTest$null;66;47;6;10;10;6;0;6;0;297;10
1675;com.thesleepless.helium.ArticleBuilderTest$null;75;89;12;21;25;18;10;8;0;285;31
9531;com.thesleepless.helium.ArticleParserTest$null;191;209;65;80;93;83;55;27;1;220;111
9678;com.thesleepless.helium.HeliumFactoryTest$null;51;8;2;5;12;85;55;29;1;218;116
10448;com.thesleepless.helium.RegisterActionTest$null;130;86;3;8;49;88;57;30;1;215;124
10885;com.thesleepless.helium.action.ActionActionTest$null;90;39;2;7;52;90;58;31;1;213;131
12026;com.thesleepless.helium.action.ActionSetActionTest$null;79;91;8;15;56;98;58;39;1;205;146
12819;com.thesleepless.helium.action.ConstructActionTest$null;101;137;3;8;48;101;61;39;1;202;154
15537;com.thesleepless.helium.action.IncludeActionTest$null;113;142;12;26;81;113;71;41;1;190;180
18467;com.thesleepless.helium.action.IterateActionTest$null;110;111;8;22;77;121;75;44;2;182;202
19524;com.thesleepless.helium.action.ListActionTest$null;96;110;8;13;60;129;82;45;2;174;215
21155;com.thesleepless.helium.action.VarActionTest$null;102;100;5;16;96;134;86;46;2;169;231
25890;com.thesleepless.helium.action.WhenActionTest$null;160;144;23;34;88;157;101;54;2;146;265
30749;com.thesleepless.helium.ui.text.CommandLineTest$null;178;201;47;66;184;204;128;74;2;99;331
30819;com.thesleepless.helium.util.IteratorFactoryTest$null;31;1;3;3;7;207;130;75;2;96;334
31047;com.thesleepless.helium.util.TagUtilTest$null;28;7;2;8;34;209;131;76;2;94;342
32020;com.thesleepless.heliumx.net.UrlEncodeActionTest$null;104;123;8;13;60;217;136;79;2;86;355
52626;com.thesleepless.heliumx.servlet.HeliumServletTest$null;443;313;28;55;109;245;153;90;2;58;410
56281;com.thesleepless.heliumx.servlet.action.AttributeActionTest$null;210;312;12;18;75;257;162;93;2;46;428
63780;com.thesleepless.heliumx.servlet.action.CookieActionTest$null;289;283;18;28;84;275;171;102;2;28;456
64653;com.thesleepless.heliumx.servlet.action.ParameterActionTest$null;125;84;0;6;58;275;171;102;2;28;462
67351;com.thesleepless.heliumx.servlet.action.RequestActionTest$null;277;189;4;12;62;279;175;102;2;24;474
