CurrentTotalRuntime;Testname;RuntimeToGetCoverage;RuntimeOriginal;KilledByTest;AnalyzedByTest;CoveredByTest;TotalKilled;TotalFailure;TotalException;TotalTimeout;LiveMutants;TotalAnalyzed
41304;org.jbehave.core.ConfigurableEmbedderBehaviour$null;229;272;26;111;111;26;6;20;0;2448;111
41304;org.jbehave.core.InjectableEmbedderBehaviour$null;135;137;0;0;0;26;6;20;0;2448;111
219505;org.jbehave.core.configuration.AnnotationBuilderBehaviour$null;111;178;190;191;214;216;6;154;56;2258;302
220533;org.jbehave.core.configuration.KeywordsBehaviour$null;6;3;35;34;40;251;6;186;59;2223;336
220569;org.jbehave.core.configuration.ParanamerConfigurationBehaviour$null;35;49;1;1;103;252;6;187;59;2222;337
221165;org.jbehave.core.configuration.PropertyBasedConfigurationBehaviour$null;49;52;2;2;104;254;6;189;59;2220;339
222385;org.jbehave.core.configuration.UnmodifiableConfigurationBehaviour$null;60;60;1;2;104;255;6;190;59;2219;341
1697681;org.jbehave.core.embedder.EmbedderBehaviour$null;6990;7052;584;583;766;839;6;773;60;1635;924
1713524;org.jbehave.core.embedder.EmbedderClassLoaderBehaviour$null;66;61;14;15;118;853;6;778;69;1621;939
1730321;org.jbehave.core.embedder.EmbedderControlsBehaviour$null;39;46;33;39;65;886;6;785;96;1588;978
1768432;org.jbehave.core.embedder.EmbedderMonitorBehaviour$null;199;249;27;26;40;913;6;810;98;1561;1004
1802857;org.jbehave.core.embedder.MetaFilterBehaviour$null;696;717;31;31;51;944;6;841;98;1530;1035
1822480;org.jbehave.core.embedder.StoryMapperBehaviour$null;137;168;14;14;68;958;6;849;104;1516;1049
2375384;org.jbehave.core.embedder.StoryRunnerBehaviour$null;374;408;277;277;455;1235;6;1094;136;1239;1326
2375384;org.jbehave.core.embedder.executors.ExecutorsBehaviour$null;8;5;0;0;11;1235;6;1094;136;1239;1326
2375385;org.jbehave.core.failures.FailureStrategyBehaviour$null;5;2;0;0;0;1235;6;1094;136;1239;1326
2375385;org.jbehave.core.failures.StepFailureBehaviour$null;6;4;0;0;0;1235;6;1094;136;1239;1326
2375385;org.jbehave.core.i18n.LocalizedKeywordsBehaviour$null;52;51;0;0;102;1235;6;1094;136;1239;1326
2375918;org.jbehave.core.io.CodeLocationsBehaviour$null;15;15;1;2;6;1236;6;1094;137;1238;1328
2380332;org.jbehave.core.io.IOUtilsBehaviour$null;156;128;2;3;6;1238;6;1095;138;1236;1331
2380714;org.jbehave.core.io.LoadFromRelativeFileBehaviour$null;17;8;3;4;12;1241;6;1097;139;1233;1335
2382186;org.jbehave.core.io.RelativePathCalculatorBehaviour$null;10;2;24;32;32;1265;6;1118;142;1209;1367
2392407;org.jbehave.core.io.StoryFinderBehaviour$null;50;36;23;28;42;1288;6;1133;150;1186;1395
2395292;org.jbehave.core.io.StoryLoaderBehaviour$null;39;25;5;6;16;1293;6;1138;150;1181;1401
2396855;org.jbehave.core.io.StoryLocationBehaviour$null;27;87;4;5;12;1297;6;1139;153;1177;1406
2396856;org.jbehave.core.io.StoryNameResolverBehaviour$null;13;6;0;0;6;1297;6;1139;153;1177;1406
2396857;org.jbehave.core.io.StoryPathResolverBehaviour$null;13;8;0;0;30;1297;6;1139;153;1177;1406
2396857;org.jbehave.core.io.UnderscoredToCapitalizedBehaviour$null;10;5;0;0;6;1297;6;1139;153;1177;1406
2523636;org.jbehave.core.model.ExamplesTableBehaviour$null;77;61;84;84;302;1382;6;1143;234;1092;1490
2523636;org.jbehave.core.model.ExamplesTableFactoryBehaviour$null;137;126;0;0;111;1382;6;1143;234;1092;1490
2523636;org.jbehave.core.model.MetaBehaviour$null;27;22;0;0;41;1382;6;1143;234;1092;1490
2526490;org.jbehave.core.model.OutcomesTableBehaviour$null;23;21;8;10;18;1390;6;1148;237;1084;1500
2526977;org.jbehave.core.model.StoryMapsBehaviour$null;39;40;1;1;67;1391;6;1148;238;1083;1501
2526977;org.jbehave.core.model.TableTransformersBehaviour$null;11;7;0;0;61;1391;6;1148;238;1083;1501
2528596;org.jbehave.core.parsers.RegexPrefixCapturingPatternParserBehaviour$null;26;39;32;32;38;1423;6;1177;241;1051;1533
2548564;org.jbehave.core.parsers.TransformingStoryParserBehaviour$null;28;20;45;54;142;1468;6;1187;276;1006;1587
2565550;org.jbehave.core.reporters.ANSIConsoleOutputBehaviour$null;21;11;44;69;133;1512;22;1188;303;962;1656
2694997;org.jbehave.core.reporters.CrossReferenceBehaviour$null;302;281;73;73;207;1585;22;1261;303;889;1729
2701672;org.jbehave.core.reporters.DelegatingStoryReporterBehaviour$null;141;170;5;5;121;1590;22;1263;306;884;1734
2703006;org.jbehave.core.reporters.FilePrintStreamFactoryBehaviour$null;24;25;2;4;18;1592;22;1263;308;882;1738
2708304;org.jbehave.core.reporters.FreemarkerViewGeneratorBehaviour$null;109;125;5;4;74;1597;22;1265;311;877;1742
2708305;org.jbehave.core.reporters.NullStoryReporterBehaviour$null;25;24;0;0;102;1597;22;1265;311;877;1742
2779068;org.jbehave.core.reporters.PostStoryStatisticsCollectorBehaviour$null;60;51;107;108;210;1704;22;1335;347;770;1850
3345441;org.jbehave.core.reporters.PrintStreamOutputBehaviour$null;553;402;288;287;661;1992;22;1617;353;482;2137
3413689;org.jbehave.core.reporters.SilentSuccessFilterBehaviour$null;167;175;43;43;134;2035;22;1645;368;439;2180
3438564;org.jbehave.core.reporters.StepFailureDecoratorBehaviour$null;190;122;16;16;119;2051;22;1659;370;423;2196
3438564;org.jbehave.core.steps.BeforeOrAfterStepBehaviour$null;165;147;0;0;0;2051;22;1659;370;423;2196
3438564;org.jbehave.core.steps.ChainedRowBehaviour$null;21;12;0;0;16;2051;22;1659;370;423;2196
3615456;org.jbehave.core.steps.CompositeStepCandidateBehaviour$null;93;82;148;149;362;2199;22;1739;438;275;2345
3615456;org.jbehave.core.steps.ConcurrencyBehaviour$null;130;153;0;0;27;2199;22;1739;438;275;2345
3615456;org.jbehave.core.steps.ConvertedParametersBehaviour$null;16;17;0;0;47;2200;22;1739;439;274;2345
3619104;org.jbehave.core.steps.InstanceStepsFactoryBehaviour$null;34;97;4;5;117;2204;22;1739;443;270;2350
3752388;org.jbehave.core.steps.ParameterConvertersBehaviour$null;205;134;86;86;327;2291;22;1809;460;183;2436
3753204;org.jbehave.core.steps.PatternVariantBuilderBehaviour$null;11;3;15;16;18;2306;32;1812;462;168;2452
3766669;org.jbehave.core.steps.PendingStepMethodGeneratorBehaviour$null;26;21;30;32;54;2336;32;1822;482;138;2484
3766699;org.jbehave.core.steps.PrintStreamStepMonitorBehaviour$null;10;9;2;1;4;2338;32;1824;482;136;2485
3828076;org.jbehave.core.steps.StepCandidateBehaviour$null;260;256;23;24;415;2361;32;1842;487;113;2509
3895436;org.jbehave.core.steps.StepCreatorBehaviour$null;283;259;26;25;270;2387;32;1863;492;87;2534
3895436;org.jbehave.core.steps.StepFinderBehaviour$null;68;56;0;0;183;2387;32;1863;492;87;2534
3898931;org.jbehave.core.steps.StepResultBehaviour$null;163;193;1;2;15;2388;32;1863;493;86;2536
3952992;org.jbehave.core.steps.StepsBehaviour$null;153;113;32;32;240;2421;32;1887;502;53;2568
