CurrentTotalRuntime;Testname;RuntimeToGetCoverage;RuntimeOriginal;KilledByTest;AnalyzedByTest;CoveredByTest;TotalKilled;TotalFailure;TotalException;TotalTimeout;LiveMutants;TotalAnalyzed
40;org.apache.commons.math3.RetryRunnerTest$null;9;11;0;3;3;0;0;0;0;11708;3
119731;org.apache.commons.math3.analysis.FunctionUtilsTest$null;829;168;889;1147;1147;889;332;551;6;10819;1150
128193;org.apache.commons.math3.analysis.differentiation.DSCompilerTest$null;388;98;143;207;569;1032;409;617;6;10676;1357
28230156;org.apache.commons.math3.analysis.differentiation.DerivativeStructureTest$null;73183;2634;2827;3445;4283;3859;2411;1433;15;7849;4802
28390930;org.apache.commons.math3.analysis.differentiation.FiniteDifferencesDifferentiatorTest$null;2065;236;378;512;1225;4237;2678;1543;16;7471;5314
28407569;org.apache.commons.math3.analysis.differentiation.GradientFunctionTest$null;7195;282;13;73;660;4250;2682;1552;16;7458;5387
28413395;org.apache.commons.math3.analysis.differentiation.JacobianFunctionTest$null;295;94;17;72;626;4267;2688;1563;16;7441;5459
28418905;org.apache.commons.math3.analysis.function.GaussianTest$null;28;27;104;186;919;4371;2771;1583;17;7337;5645
28422662;org.apache.commons.math3.analysis.function.HarmonicOscillatorTest$null;25;23;110;179;743;4481;2850;1614;17;7227;5824
28437355;org.apache.commons.math3.analysis.function.LogisticTest$null;83;42;293;383;1043;4774;3098;1659;17;6934;6207
28443610;org.apache.commons.math3.analysis.function.LogitTest$null;49;34;120;197;869;4894;3175;1702;17;6814;6404
28445694;org.apache.commons.math3.analysis.function.SigmoidTest$null;25;24;9;75;768;4903;3180;1706;17;6805;6479
28499389;org.apache.commons.math3.analysis.function.SincTest$null;163;169;288;448;1009;5191;3436;1737;18;6517;6927
28500511;org.apache.commons.math3.analysis.function.SqrtTest$null;20;18;1;58;650;5192;3436;1738;18;6516;6985
28501835;org.apache.commons.math3.analysis.function.StepFunctionTest$null;14;14;56;83;83;5248;3450;1780;18;6460;7068
39147453;org.apache.commons.math3.analysis.integration.IterativeLegendreGaussIntegratorTest$null;120564;1683;284;375;424;5532;3551;1921;60;6176;7443
40538008;org.apache.commons.math3.analysis.integration.LegendreGaussIntegratorTest$null;57920;508;485;538;589;6017;3872;2076;69;5691;7981
40540967;org.apache.commons.math3.analysis.integration.RombergIntegratorTest$null;12;13;150;189;200;6167;3911;2187;69;5541;8170
40542248;org.apache.commons.math3.analysis.integration.SimpsonIntegratorTest$null;14;12;43;79;165;6210;3927;2214;69;5498;8249
40543759;org.apache.commons.math3.analysis.integration.TrapezoidIntegratorTest$null;27;19;28;57;143;6238;3939;2230;69;5470;8306
40544014;org.apache.commons.math3.analysis.integration.gauss.BaseRuleFactoryTest$null;28;29;0;8;18;6238;3939;2230;69;5470;8314
40565382;org.apache.commons.math3.analysis.integration.gauss.LegendreHighPrecisionParametricTest$null;1269;847;4;34;208;6242;3941;2232;69;5466;8348
40717560;org.apache.commons.math3.analysis.integration.gauss.LegendreHighPrecisionTest$null;8603;4939;0;31;242;6242;3941;2232;69;5466;8379
40775387;org.apache.commons.math3.analysis.integration.gauss.LegendreParametricTest$null;787;213;255;315;365;6497;4094;2321;82;5211;8694
40846132;org.apache.commons.math3.analysis.integration.gauss.LegendreTest$null;5582;1129;0;61;399;6497;4094;2321;82;5211;8755
40887048;org.apache.commons.math3.analysis.interpolation.BicubicSplineInterpolatingFunctionTest$null;221;60;906;1019;1033;7403;4830;2491;82;4305;9774
40900422;org.apache.commons.math3.analysis.interpolation.BicubicSplineInterpolatorTest$null;35;21;377;651;1441;7780;5035;2662;83;3928;10425
40903384;org.apache.commons.math3.analysis.interpolation.DividedDifferenceInterpolatorTest$null;20;20;97;142;155;7877;5082;2712;83;3831;10567
40995622;org.apache.commons.math3.analysis.interpolation.FieldHermiteInterpolatorTest$null;1040;811;124;177;252;8001;5124;2794;83;3707;10744
41022329;org.apache.commons.math3.analysis.interpolation.HermiteInterpolatorTest$null;1173;147;186;296;975;8187;5228;2876;83;3521;11040
41024118;org.apache.commons.math3.analysis.interpolation.LinearInterpolatorTest$null;17;15;61;117;239;8248;5255;2910;83;3460;11157
41044056;org.apache.commons.math3.analysis.interpolation.LoessInterpolatorTest$null;569;138;323;397;414;8571;5512;2976;83;3137;11554
41059170;org.apache.commons.math3.analysis.interpolation.MicrosphereInterpolatorTest$null;573;168;46;111;111;8617;5543;2991;83;3091;11665
41061762;org.apache.commons.math3.analysis.interpolation.NevilleInterpolatorTest$null;21;19;98;157;173;8715;5595;3037;83;2993;11822
41082347;org.apache.commons.math3.analysis.interpolation.SmoothingPolynomialBicubicSplineInterpolatorTest$null;65;56;97;425;1607;8812;5617;3110;85;2896;12247
41084746;org.apache.commons.math3.analysis.interpolation.SplineInterpolatorTest$null;19;16;71;140;532;8883;5686;3112;85;2825;12387
41085248;org.apache.commons.math3.analysis.interpolation.TricubicSplineInterpolatingFunctionTest$null;23;22;0;15;32;8883;5686;3112;85;2825;12402
41101687;org.apache.commons.math3.analysis.interpolation.TricubicSplineInterpolatorTest$null;397;88;16;192;1535;8899;5702;3112;85;2809;12594
41103095;org.apache.commons.math3.analysis.interpolation.UnivariatePeriodicInterpolatorTest$null;22;19;6;68;258;8905;5705;3115;85;2803;12662
41105886;org.apache.commons.math3.analysis.polynomials.PolynomialFunctionLagrangeFormTest$null;15;13;159;205;324;9064;5807;3171;86;2644;12867
41108567;org.apache.commons.math3.analysis.polynomials.PolynomialFunctionNewtonFormTest$null;38;23;78;157;763;9142;5846;3210;86;2566;13024
41109763;org.apache.commons.math3.analysis.polynomials.PolynomialFunctionTest$null;9;7;74;122;266;9216;5907;3223;86;2492;13146
41111073;org.apache.commons.math3.analysis.polynomials.PolynomialSplineFunctionTest$null;14;12;24;76;245;9240;5917;3237;86;2468;13222
41220666;org.apache.commons.math3.analysis.polynomials.PolynomialsUtilsTest$null;88455;993;5;101;620;9245;5922;3237;86;2463;13323
41220744;org.apache.commons.math3.analysis.solvers.BisectionSolverTest$null;9;9;0;6;10;9245;5922;3237;86;2463;13329
41223315;org.apache.commons.math3.analysis.solvers.BracketingNthOrderBrentSolverTest$null;35;29;0;73;826;9245;5922;3237;86;2463;13402
41225496;org.apache.commons.math3.analysis.solvers.BrentSolverTest$null;38;28;1;70;721;9246;5922;3238;86;2462;13472
41225637;org.apache.commons.math3.analysis.solvers.IllinoisSolverTest$null;15;14;0;8;13;9246;5922;3238;86;2462;13480
41225943;org.apache.commons.math3.analysis.solvers.LaguerreSolverTest$null;16;18;0;17;75;9246;5922;3238;86;2462;13497
41226084;org.apache.commons.math3.analysis.solvers.MullerSolver2Test$null;16;15;0;8;13;9246;5922;3238;86;2462;13505
41226269;org.apache.commons.math3.analysis.solvers.MullerSolverTest$null;17;15;0;8;13;9246;5922;3238;86;2462;13513
41227333;org.apache.commons.math3.analysis.solvers.NewtonRaphsonSolverTest$null;19;18;0;53;588;9246;5922;3238;86;2462;13566
41228304;org.apache.commons.math3.analysis.solvers.NewtonSolverTest$null;20;18;0;49;525;9246;5922;3238;86;2462;13615
41228418;org.apache.commons.math3.analysis.solvers.PegasusSolverTest$null;15;13;0;8;13;9246;5922;3238;86;2462;13623
41228594;org.apache.commons.math3.analysis.solvers.RegulaFalsiSolverTest$null;18;21;0;9;14;9246;5922;3238;86;2462;13632
41228760;org.apache.commons.math3.analysis.solvers.RiddersSolverTest$null;17;16;0;8;13;9246;5922;3238;86;2462;13640
41228878;org.apache.commons.math3.analysis.solvers.SecantSolverTest$null;15;14;0;8;13;9246;5922;3238;86;2462;13648
41229012;org.apache.commons.math3.analysis.solvers.UnivariateSolverUtilsTest$null;14;13;0;11;16;9246;5922;3238;86;2462;13659
41229012;org.apache.commons.math3.complex.ComplexFieldTest$null;4;4;0;0;0;9246;5922;3238;86;2462;13659
41229012;org.apache.commons.math3.complex.ComplexFormatTest$null;8;9;0;0;0;9246;5922;3238;86;2462;13659
41229088;org.apache.commons.math3.complex.ComplexTest$null;27;28;0;3;3;9246;5922;3238;86;2462;13662
41229161;org.apache.commons.math3.complex.ComplexUtilsTest$null;17;20;0;3;3;9246;5922;3238;86;2462;13665
41229161;org.apache.commons.math3.complex.FrenchComplexFormatTest$null;8;9;0;0;0;9246;5922;3238;86;2462;13665
41231757;org.apache.commons.math3.complex.QuaternionTest$null;29;29;1;85;453;9247;5923;3238;86;2461;13750
41231820;org.apache.commons.math3.complex.RootsOfUnityTest$null;9;8;0;6;6;9247;5923;3238;86;2461;13756
41233983;org.apache.commons.math3.dfp.BracketingNthOrderBrentSolverDFPTest$null;249;252;0;8;13;9247;5923;3238;86;2461;13764
41233984;org.apache.commons.math3.dfp.DfpDecTest$null;120;118;0;0;0;9247;5923;3238;86;2461;13764
41233984;org.apache.commons.math3.dfp.DfpMathTest$null;135;121;0;0;0;9247;5923;3238;86;2461;13764
41395587;org.apache.commons.math3.dfp.DfpTest$null;677;675;41;242;982;9288;5964;3238;86;2420;14006
41395587;org.apache.commons.math3.distribution.AbstractIntegerDistributionTest$null;5;4;0;0;0;9288;5964;3238;86;2420;14006
41398438;org.apache.commons.math3.distribution.AbstractRealDistributionTest$null;1205;73;0;31;192;9288;5964;3238;86;2420;14037
41398762;org.apache.commons.math3.distribution.BetaDistributionTest$null;68;65;0;5;10;9288;5964;3238;86;2420;14042
41402315;org.apache.commons.math3.distribution.BinomialDistributionTest$null;149;154;9;23;23;9297;5964;3247;86;2411;14065
41410494;org.apache.commons.math3.distribution.CauchyDistributionTest$null;629;122;0;67;382;9297;5964;3247;86;2411;14132
41418416;org.apache.commons.math3.distribution.ChiSquaredDistributionTest$null;141;121;0;64;379;9297;5964;3247;86;2411;14196
41420166;org.apache.commons.math3.distribution.EnumeratedIntegerDistributionTest$null;69;67;23;41;41;9320;5976;3258;86;2388;14237
41421568;org.apache.commons.math3.distribution.EnumeratedRealDistributionTest$null;70;70;0;18;41;9320;5976;3258;86;2388;14255
41424902;org.apache.commons.math3.distribution.ExponentialDistributionTest$null;54;46;0;67;382;9320;5976;3258;86;2388;14322
41437134;org.apache.commons.math3.distribution.FDistributionTest$null;217;161;0;67;382;9320;5976;3258;86;2388;14389
41449344;org.apache.commons.math3.distribution.GammaDistributionTest$null;211;287;0;67;382;9320;5976;3258;86;2388;14456
41450680;org.apache.commons.math3.distribution.HypergeometricDistributionTest$null;60;60;0;20;29;9320;5976;3258;86;2388;14476
41451234;org.apache.commons.math3.distribution.KolmogorovSmirnovDistributionTest$null;64;63;0;8;14;9320;5976;3258;86;2388;14484
41456067;org.apache.commons.math3.distribution.LevyDistributionTest$null;114;72;0;64;379;9320;5976;3258;86;2388;14548
41466083;org.apache.commons.math3.distribution.LogNormalDistributionTest$null;146;149;0;67;382;9320;5976;3258;86;2388;14615
41466083;org.apache.commons.math3.distribution.MultivariateNormalDistributionTest$null;238;246;0;0;5;9320;5976;3258;86;2388;14615
41466823;org.apache.commons.math3.distribution.MultivariateNormalMixtureModelDistributionTest$null;37;34;1;7;12;9321;5976;3258;87;2387;14622
41472009;org.apache.commons.math3.distribution.NormalDistributionTest$null;68;61;1;66;382;9322;5976;3258;88;2386;14688
41472970;org.apache.commons.math3.distribution.PascalDistributionTest$null;74;71;0;13;23;9322;5976;3258;88;2386;14701
41473990;org.apache.commons.math3.distribution.PoissonDistributionTest$null;58;55;0;15;26;9322;5976;3258;88;2386;14716
41482457;org.apache.commons.math3.distribution.TDistributionTest$null;149;123;0;65;382;9322;5976;3258;88;2386;14781
41491272;org.apache.commons.math3.distribution.TriangularDistributionTest$null;1646;116;0;63;379;9322;5976;3258;88;2386;14844
41491646;org.apache.commons.math3.distribution.UniformIntegerDistributionTest$null;27;26;0;13;23;9322;5976;3258;88;2386;14857
41495616;org.apache.commons.math3.distribution.UniformRealDistributionTest$null;47;40;1;63;379;9323;5976;3258;89;2385;14920
41504686;org.apache.commons.math3.distribution.WeibullDistributionTest$null;318;119;0;64;382;9323;5976;3258;89;2385;14984
41505704;org.apache.commons.math3.distribution.ZipfDistributionTest$null;53;52;0;15;26;9323;5976;3258;89;2385;14999
41507539;org.apache.commons.math3.distribution.fitting.MultivariateNormalMixtureExpectationMaximizationTest$null;107;102;11;21;27;9334;5979;3266;89;2374;15020
41507551;org.apache.commons.math3.exception.DimensionMismatchExceptionTest$null;6;4;0;2;3;9334;5979;3266;89;2374;15022
41507567;org.apache.commons.math3.exception.MaxCountExceededExceptionTest$null;5;4;0;3;4;9334;5979;3266;89;2374;15025
41507625;org.apache.commons.math3.exception.NonMonotonicSequenceExceptionTest$null;6;5;1;10;11;9335;5980;3266;89;2373;15035
41507654;org.apache.commons.math3.exception.NotPositiveExceptionTest$null;6;5;3;5;6;9338;5983;3266;89;2370;15040
41507689;org.apache.commons.math3.exception.NotStrictlyPositiveExceptionTest$null;6;5;3;5;6;9341;5986;3266;89;2367;15045
41507712;org.apache.commons.math3.exception.NumberIsTooLargeExceptionTest$null;6;5;0;2;3;9341;5986;3266;89;2367;15047
41507730;org.apache.commons.math3.exception.NumberIsTooSmallExceptionTest$null;5;5;0;2;3;9341;5986;3266;89;2367;15049
41507750;org.apache.commons.math3.exception.OutOfRangeExceptionTest$null;6;5;0;2;3;9341;5986;3266;89;2367;15051
41507933;org.apache.commons.math3.exception.TooManyEvaluationsExceptionTest$null;7;6;6;16;17;9347;5989;3269;89;2361;15067
41507933;org.apache.commons.math3.exception.util.ArgUtilsTest$null;1;0;0;0;0;9347;5989;3269;89;2361;15067
41508502;org.apache.commons.math3.exception.util.ExceptionContextTest$null;10;16;44;51;57;9391;5997;3305;89;2317;15118
41508502;org.apache.commons.math3.exception.util.LocalizedFormatsTest$null;38;63;0;0;0;9391;5997;3305;89;2317;15118
41508541;org.apache.commons.math3.filter.KalmanFilterTest$null;32;30;0;1;3;9391;5997;3305;89;2317;15119
41509186;org.apache.commons.math3.fitting.CurveFitterTest$null;29;29;3;22;44;9394;5998;3307;89;2314;15141
41512487;org.apache.commons.math3.fitting.GaussianFitterTest$null;226;114;1;25;162;9395;5998;3308;89;2313;15166
41514329;org.apache.commons.math3.fitting.HarmonicFitterTest$null;101;85;2;24;104;9397;5998;3310;89;2311;15190
41578038;org.apache.commons.math3.fitting.PolynomialFitterTest$null;9224;855;3;32;121;9400;5998;3313;89;2308;15222
41578039;org.apache.commons.math3.fraction.BigFractionFieldTest$null;9;8;0;0;0;9400;5998;3313;89;2308;15222
41578056;org.apache.commons.math3.fraction.BigFractionFormatTest$null;13;13;0;1;3;9400;5998;3313;89;2308;15223
41578146;org.apache.commons.math3.fraction.BigFractionTest$null;16;19;0;5;7;9400;5998;3313;89;2308;15228
41578147;org.apache.commons.math3.fraction.FractionFieldTest$null;7;8;0;0;0;9400;5998;3313;89;2308;15228
41578163;org.apache.commons.math3.fraction.FractionFormatTest$null;14;16;0;1;3;9400;5998;3313;89;2308;15229
41578242;org.apache.commons.math3.fraction.FractionTest$null;14;15;0;4;6;9400;5998;3313;89;2308;15233
41578250;org.apache.commons.math3.genetics.BinaryChromosomeTest$null;7;6;0;1;3;9400;5998;3313;89;2308;15234
41578250;org.apache.commons.math3.genetics.BinaryMutationTest$null;4;3;0;0;0;9400;5998;3313;89;2308;15234
41578250;org.apache.commons.math3.genetics.ChromosomeTest$null;5;2;0;0;0;9400;5998;3313;89;2308;15234
41578260;org.apache.commons.math3.genetics.CycleCrossoverTest$null;9;7;0;1;3;9400;5998;3313;89;2308;15235
41578278;org.apache.commons.math3.genetics.ElitisticListPopulationTest$null;9;8;0;1;3;9400;5998;3313;89;2308;15236
41578278;org.apache.commons.math3.genetics.FitnessCachingTest$null;15;16;0;0;0;9400;5998;3313;89;2308;15236
41578278;org.apache.commons.math3.genetics.FixedElapsedTimeTest$null;3012;3010;0;0;0;9400;5998;3313;89;2308;15236
41578279;org.apache.commons.math3.genetics.FixedGenerationCountTest$null;5;3;0;0;0;9400;5998;3313;89;2308;15236
41578279;org.apache.commons.math3.genetics.GeneticAlgorithmTestBinary$null;46;55;0;0;0;9400;5998;3313;89;2308;15236
41578279;org.apache.commons.math3.genetics.GeneticAlgorithmTestPermutations$null;105;123;0;0;0;9400;5998;3313;89;2308;15236
41578328;org.apache.commons.math3.genetics.ListPopulationTest$null;12;8;0;4;6;9400;5998;3313;89;2308;15240
41578338;org.apache.commons.math3.genetics.NPointCrossoverTest$null;9;7;0;1;3;9400;5998;3313;89;2308;15241
41578338;org.apache.commons.math3.genetics.OnePointCrossoverTest$null;4;2;0;0;0;9400;5998;3313;89;2308;15241
41578350;org.apache.commons.math3.genetics.OrderedCrossoverTest$null;11;8;0;1;3;9400;5998;3313;89;2308;15242
41578350;org.apache.commons.math3.genetics.RandomKeyMutationTest$null;4;3;0;0;0;9400;5998;3313;89;2308;15242
41578360;org.apache.commons.math3.genetics.RandomKeyTest$null;9;8;0;1;3;9400;5998;3313;89;2308;15243
41578360;org.apache.commons.math3.genetics.TournamentSelectionTest$null;5;4;0;0;0;9400;5998;3313;89;2308;15243
41578430;org.apache.commons.math3.genetics.UniformCrossoverTest$null;65;60;0;1;3;9400;5998;3313;89;2308;15244
41578430;org.apache.commons.math3.geometry.euclidean.oned.IntervalTest$null;9;17;0;0;0;9400;5998;3313;89;2308;15244
41578430;org.apache.commons.math3.geometry.euclidean.oned.IntervalsSetTest$null;16;14;0;0;0;9400;5998;3313;89;2308;15244
42005194;org.apache.commons.math3.geometry.euclidean.threed.FieldRotationDSTest$null;201523;2437;20;191;1566;9420;6018;3313;89;2288;15435
42038752;org.apache.commons.math3.geometry.euclidean.threed.FieldRotationDfpTest$null;1476;1634;0;23;41;9420;6018;3313;89;2288;15458
42151874;org.apache.commons.math3.geometry.euclidean.threed.FieldVector3DTest$null;5789;372;34;310;1993;9454;6052;3313;89;2254;15768
42151875;org.apache.commons.math3.geometry.euclidean.threed.FrenchVector3DFormatTest$null;8;6;0;0;0;9454;6052;3313;89;2254;15768
42152087;org.apache.commons.math3.geometry.euclidean.threed.LineTest$null;19;11;0;15;448;9454;6052;3313;89;2254;15783
42152318;org.apache.commons.math3.geometry.euclidean.threed.PlaneTest$null;18;12;0;15;448;9454;6052;3313;89;2254;15798
42155279;org.apache.commons.math3.geometry.euclidean.threed.PolyhedronsSetTest$null;649;187;0;15;448;9454;6052;3313;89;2254;15813
42155279;org.apache.commons.math3.geometry.euclidean.threed.RotationOrderTest$null;3;3;0;0;0;9454;6052;3313;89;2254;15813
42158612;org.apache.commons.math3.geometry.euclidean.threed.RotationTest$null;182;163;0;18;453;9454;6052;3313;89;2254;15831
42203813;org.apache.commons.math3.geometry.euclidean.threed.SphericalCoordinatesTest$null;22341;662;0;66;783;9454;6052;3313;89;2254;15897
42204349;org.apache.commons.math3.geometry.euclidean.threed.SubLineTest$null;23;16;10;27;460;9464;6062;3313;89;2244;15924
42204349;org.apache.commons.math3.geometry.euclidean.threed.Vector3DFormatTest$null;7;6;0;0;0;9464;6062;3313;89;2244;15924
42222257;org.apache.commons.math3.geometry.euclidean.threed.Vector3DTest$null;655;131;0;128;826;9464;6062;3313;89;2244;16052
42222258;org.apache.commons.math3.geometry.euclidean.twod.LineTest$null;9;7;0;0;0;9464;6062;3313;89;2244;16052
42222258;org.apache.commons.math3.geometry.euclidean.twod.PolygonsSetTest$null;121;104;0;0;0;9464;6062;3313;89;2244;16052
42222258;org.apache.commons.math3.geometry.euclidean.twod.SegmentTest$null;7;5;0;0;0;9464;6062;3313;89;2244;16052
42222258;org.apache.commons.math3.geometry.euclidean.twod.SubLineTest$null;15;12;0;0;0;9464;6062;3313;89;2244;16052
42222259;org.apache.commons.math3.geometry.partitioning.utilities.AVLTreeTest$null;3;1;0;0;0;9464;6062;3313;89;2244;16052
42222509;org.apache.commons.math3.linear.Array2DRowRealMatrixTest$null;46;38;0;5;7;9464;6062;3313;89;2244;16057
42222738;org.apache.commons.math3.linear.ArrayFieldVectorTest$null;26;23;0;8;17;9464;6062;3313;89;2244;16065
42236376;org.apache.commons.math3.linear.ArrayRealVectorTest$null;128;84;109;170;187;9573;6128;3356;89;2135;16235
42236377;org.apache.commons.math3.linear.BiDiagonalTransformerTest$null;15;13;0;0;0;9573;6128;3356;89;2135;16235
42237807;org.apache.commons.math3.linear.BlockFieldMatrixTest$null;342;323;3;8;17;9576;6128;3359;89;2132;16243
42238002;org.apache.commons.math3.linear.BlockRealMatrixTest$null;186;140;0;1;3;9576;6128;3359;89;2132;16244
42238021;org.apache.commons.math3.linear.CholeskyDecompositionTest$null;19;20;0;1;3;9576;6128;3359;89;2132;16245
42238190;org.apache.commons.math3.linear.CholeskySolverTest$null;20;18;4;8;20;9580;6130;3361;89;2128;16253
42239629;org.apache.commons.math3.linear.ConjugateGradientTest$null;84;86;5;15;25;9585;6132;3364;89;2123;16268
42239661;org.apache.commons.math3.linear.DiagonalMatrixTest$null;20;16;0;1;3;9585;6132;3364;89;2123;16269
42239897;org.apache.commons.math3.linear.EigenDecompositionTest$null;205;202;0;1;3;9585;6132;3364;89;2123;16270
42240003;org.apache.commons.math3.linear.EigenSolverTest$null;25;23;0;4;28;9585;6132;3364;89;2123;16274
42240158;org.apache.commons.math3.linear.FieldLUDecompositionTest$null;36;29;0;4;14;9585;6132;3364;89;2123;16278
42240260;org.apache.commons.math3.linear.FieldLUSolverTest$null;26;20;0;4;15;9585;6132;3364;89;2123;16282
42240609;org.apache.commons.math3.linear.FieldMatrixImplTest$null;64;59;0;5;19;9585;6132;3364;89;2123;16287
42240626;org.apache.commons.math3.linear.FrenchRealVectorFormatTest$null;17;13;0;1;3;9585;6132;3364;89;2123;16288
42240750;org.apache.commons.math3.linear.HessenbergTransformerTest$null;93;100;0;1;3;9585;6132;3364;89;2123;16289
42240776;org.apache.commons.math3.linear.LUDecompositionTest$null;26;22;0;1;3;9585;6132;3364;89;2123;16290
42240842;org.apache.commons.math3.linear.LUSolverTest$null;25;19;0;3;15;9585;6132;3364;89;2123;16293
42240937;org.apache.commons.math3.linear.MatrixDimensionMismatchExceptionTest$null;6;4;8;9;11;9593;6136;3368;89;2115;16302
42241088;org.apache.commons.math3.linear.MatrixUtilsTest$null;34;31;0;4;17;9593;6136;3368;89;2115;16306
42241100;org.apache.commons.math3.linear.OpenMapRealMatrixTest$null;10;9;0;1;3;9593;6136;3368;89;2115;16307
42241167;org.apache.commons.math3.linear.QRDecompositionTest$null;74;69;0;1;3;9593;6136;3368;89;2115;16308
42241493;org.apache.commons.math3.linear.QRSolverTest$null;70;69;0;4;20;9593;6136;3368;89;2115;16312
42241569;org.apache.commons.math3.linear.RRQRDecompositionTest$null;73;66;0;1;3;9593;6136;3368;89;2115;16313
42241939;org.apache.commons.math3.linear.RRQRSolverTest$null;77;89;0;4;20;9593;6136;3368;89;2115;16317
42241957;org.apache.commons.math3.linear.RealMatrixFormatTest$null;20;17;0;1;3;9593;6136;3368;89;2115;16318
42241973;org.apache.commons.math3.linear.RealVectorFormatTest$null;17;12;0;1;3;9593;6136;3368;89;2115;16319
42272822;org.apache.commons.math3.linear.RealVectorTest$null;688;90;147;237;375;9740;6251;3395;94;1968;16556
42272823;org.apache.commons.math3.linear.RectangularCholeskyDecompositionTest$null;14;13;0;0;0;9740;6251;3395;94;1968;16556
42273009;org.apache.commons.math3.linear.SchurTransformerTest$null;165;160;0;1;3;9740;6251;3395;94;1968;16557
42273009;org.apache.commons.math3.linear.SingularValueDecompositionTest$null;302;248;0;0;0;9740;6251;3395;94;1968;16557
42273063;org.apache.commons.math3.linear.SingularValueSolverTest$null;26;20;0;2;15;9740;6251;3395;94;1968;16559
42273268;org.apache.commons.math3.linear.SparseFieldMatrixTest$null;33;28;0;6;18;9740;6251;3395;94;1968;16565
42273290;org.apache.commons.math3.linear.SparseFieldVectorTest$null;23;19;0;1;4;9740;6251;3395;94;1968;16566
42273319;org.apache.commons.math3.linear.SparseRealMatrixTest$null;32;26;0;1;6;9740;6251;3395;94;1968;16567
42283510;org.apache.commons.math3.linear.SparseRealVectorTest$null;678;114;3;78;307;9743;6254;3395;94;1965;16645
42284505;org.apache.commons.math3.linear.SymmLQTest$null;110;105;0;8;21;9743;6254;3395;94;1965;16653
42284529;org.apache.commons.math3.linear.TriDiagonalTransformerTest$null;20;18;0;1;3;9743;6254;3395;94;1965;16654
42286904;org.apache.commons.math3.linear.UnmodifiableArrayRealVectorTest$null;48;50;4;35;122;9747;6255;3398;94;1961;16689
42290139;org.apache.commons.math3.linear.UnmodifiableOpenMapRealVectorTest$null;352;112;0;28;158;9747;6255;3398;94;1961;16717
42290477;org.apache.commons.math3.ml.clustering.DBSCANClustererTest$null;25;18;14;17;22;9761;6267;3400;94;1947;16734
42290637;org.apache.commons.math3.ml.clustering.KMeansPlusPlusClustererTest$null;181;63;1;3;19;9762;6268;3400;94;1946;16737
42290659;org.apache.commons.math3.ml.clustering.MultiKMeansPlusPlusClustererTest$null;17;14;0;1;16;9762;6268;3400;94;1946;16738
42290659;org.apache.commons.math3.ml.distance.CanberraDistanceTest$null;3;2;0;0;0;9762;6268;3400;94;1946;16738
42290789;org.apache.commons.math3.ml.distance.ChebyshevDistanceTest$null;8;8;8;11;11;9770;6274;3402;94;1938;16749
42290802;org.apache.commons.math3.ml.distance.EuclideanDistanceTest$null;9;8;0;1;16;9770;6274;3402;94;1938;16750
42290919;org.apache.commons.math3.ml.distance.ManhattanDistanceTest$null;8;7;11;12;12;9781;6283;3404;94;1927;16762
42291402;org.apache.commons.math3.ode.ContinuousOutputModelTest$null;82;79;0;6;13;9781;6283;3404;94;1927;16768
42291841;org.apache.commons.math3.ode.FirstOrderConverterTest$null;108;104;0;5;10;9781;6283;3404;94;1927;16773
42293862;org.apache.commons.math3.ode.JacobianMatricesTest$null;578;478;0;5;10;9781;6283;3404;94;1927;16778
42294372;org.apache.commons.math3.ode.events.EventFilterTest$null;94;84;0;5;10;9781;6283;3404;94;1927;16783
42294505;org.apache.commons.math3.ode.events.EventStateTest$null;23;18;0;5;10;9781;6283;3404;94;1927;16788
42294697;org.apache.commons.math3.ode.events.OverlappingEventsTest$null;36;30;0;5;10;9781;6283;3404;94;1927;16793
42294813;org.apache.commons.math3.ode.events.ReappearingEventTest$null;22;17;0;5;10;9781;6283;3404;94;1927;16798
42296591;org.apache.commons.math3.ode.nonstiff.AdamsBashforthIntegratorTest$null;112;116;5;16;34;9786;6288;3404;94;1922;16814
42297874;org.apache.commons.math3.ode.nonstiff.AdamsMoultonIntegratorTest$null;108;115;0;11;34;9786;6288;3404;94;1922;16825
42299117;org.apache.commons.math3.ode.nonstiff.ClassicalRungeKuttaIntegratorTest$null;198;190;0;6;13;9786;6288;3404;94;1922;16831
42299930;org.apache.commons.math3.ode.nonstiff.ClassicalRungeKuttaStepInterpolatorTest$null;132;177;0;5;10;9786;6288;3404;94;1922;16836
42300794;org.apache.commons.math3.ode.nonstiff.DormandPrince54IntegratorTest$null;114;107;0;6;13;9786;6288;3404;94;1922;16842
42301342;org.apache.commons.math3.ode.nonstiff.DormandPrince54StepInterpolatorTest$null;88;88;0;5;10;9786;6288;3404;94;1922;16847
42302047;org.apache.commons.math3.ode.nonstiff.DormandPrince853IntegratorTest$null;104;98;0;6;13;9786;6288;3404;94;1922;16853
42302493;org.apache.commons.math3.ode.nonstiff.DormandPrince853StepInterpolatorTest$null;74;72;0;5;10;9786;6288;3404;94;1922;16858
42303262;org.apache.commons.math3.ode.nonstiff.EulerIntegratorTest$null;121;117;0;6;13;9786;6288;3404;94;1922;16864
42303535;org.apache.commons.math3.ode.nonstiff.EulerStepInterpolatorTest$null;51;56;0;5;10;9786;6288;3404;94;1922;16869
42304872;org.apache.commons.math3.ode.nonstiff.GillIntegratorTest$null;194;178;0;6;13;9786;6288;3404;94;1922;16875
42305570;org.apache.commons.math3.ode.nonstiff.GillStepInterpolatorTest$null;127;135;0;5;10;9786;6288;3404;94;1922;16880
42306858;org.apache.commons.math3.ode.nonstiff.GraggBulirschStoerIntegratorTest$null;213;226;0;6;13;9786;6288;3404;94;1922;16886
42307326;org.apache.commons.math3.ode.nonstiff.GraggBulirschStoerStepInterpolatorTest$null;107;110;0;5;10;9786;6288;3404;94;1922;16891
42308252;org.apache.commons.math3.ode.nonstiff.HighamHall54IntegratorTest$null;126;103;0;8;17;9786;6288;3404;94;1922;16899
42308797;org.apache.commons.math3.ode.nonstiff.HighamHall54StepInterpolatorTest$null;99;91;0;5;10;9786;6288;3404;94;1922;16904
42310085;org.apache.commons.math3.ode.nonstiff.MidpointIntegratorTest$null;183;173;0;6;13;9786;6288;3404;94;1922;16910
42310414;org.apache.commons.math3.ode.nonstiff.MidpointStepInterpolatorTest$null;55;52;0;5;10;9786;6288;3404;94;1922;16915
42311762;org.apache.commons.math3.ode.nonstiff.ThreeEighthesIntegratorTest$null;216;179;0;6;13;9786;6288;3404;94;1922;16921
42312449;org.apache.commons.math3.ode.nonstiff.ThreeEighthesStepInterpolatorTest$null;142;117;0;5;10;9786;6288;3404;94;1922;16926
42312449;org.apache.commons.math3.ode.sampling.DummyStepInterpolatorTest$null;7;4;0;0;0;9786;6288;3404;94;1922;16926
42313338;org.apache.commons.math3.ode.sampling.NordsieckStepInterpolatorTest$null;85;86;0;9;28;9786;6288;3404;94;1922;16935
42313472;org.apache.commons.math3.ode.sampling.StepNormalizerOutputOverlapTest$null;27;22;0;5;10;9786;6288;3404;94;1922;16940
42313616;org.apache.commons.math3.ode.sampling.StepNormalizerOutputTest$null;27;22;0;5;10;9786;6288;3404;94;1922;16945
42313806;org.apache.commons.math3.ode.sampling.StepNormalizerTest$null;35;35;0;5;10;9786;6288;3404;94;1922;16950
42313806;org.apache.commons.math3.optim.PointValuePairTest$null;4;2;0;0;0;9786;6288;3404;94;1922;16950
42313823;org.apache.commons.math3.optim.PointVectorValuePairTest$null;3;2;0;5;5;9786;6288;3404;94;1922;16955
42313831;org.apache.commons.math3.optim.SimplePointCheckerTest$null;8;7;0;1;6;9786;6288;3404;94;1922;16956
42313841;org.apache.commons.math3.optim.SimpleValueCheckerTest$null;20;7;0;1;6;9786;6288;3404;94;1922;16957
42313875;org.apache.commons.math3.optim.SimpleVectorValueCheckerTest$null;10;7;0;4;9;9786;6288;3404;94;1922;16961
42314980;org.apache.commons.math3.optim.linear.SimplexSolverTest$null;122;96;1;11;21;9787;6288;3405;94;1921;16972
42314981;org.apache.commons.math3.optim.linear.SimplexTableauTest$null;27;20;0;0;0;9787;6288;3405;94;1921;16972
42315337;org.apache.commons.math3.optim.nonlinear.scalar.MultiStartMultivariateOptimizerTest$null;29;25;2;11;26;9789;6290;3405;94;1919;16983
42315559;org.apache.commons.math3.optim.nonlinear.scalar.MultivariateFunctionMappingAdapterTest$null;24;34;1;9;65;9790;6291;3405;94;1918;16992
42315703;org.apache.commons.math3.optim.nonlinear.scalar.MultivariateFunctionPenaltyAdapterTest$null;21;18;0;7;24;9790;6291;3405;94;1918;16999
42316932;org.apache.commons.math3.optim.nonlinear.scalar.gradient.NonLinearConjugateGradientOptimizerTest$null;32;29;8;32;51;9798;6291;3413;94;1910;17031
42394117;org.apache.commons.math3.optim.nonlinear.scalar.noderiv.CMAESOptimizerTest$null;3288;3272;11;29;59;9809;6298;3417;94;1899;17060
42394623;org.apache.commons.math3.optim.nonlinear.scalar.noderiv.PowellOptimizerTest$null;25;22;0;19;90;9809;6298;3417;94;1899;17079
42395120;org.apache.commons.math3.optim.nonlinear.scalar.noderiv.SimplexOptimizerMultiDirectionalTest$null;31;27;0;16;49;9809;6298;3417;94;1899;17095
42395633;org.apache.commons.math3.optim.nonlinear.scalar.noderiv.SimplexOptimizerNelderMeadTest$null;28;24;0;18;53;9809;6298;3417;94;1899;17113
42396473;org.apache.commons.math3.optim.nonlinear.vector.MultiStartMultivariateVectorOptimizerTest$null;39;28;0;25;62;9809;6298;3417;94;1899;17138
42396956;org.apache.commons.math3.optim.nonlinear.vector.jacobian.AbstractLeastSquaresOptimizerTest$null;39;36;1;13;36;9810;6298;3418;94;1898;17151
42399673;org.apache.commons.math3.optim.nonlinear.vector.jacobian.GaussNewtonOptimizerTest$null;115;93;2;26;70;9812;6298;3420;94;1896;17177
42402926;org.apache.commons.math3.optim.nonlinear.vector.jacobian.LevenbergMarquardtOptimizerTest$null;118;113;0;24;70;9812;6298;3420;94;1896;17201
42405197;org.apache.commons.math3.optim.nonlinear.vector.jacobian.MinpackTest$null;215;224;0;11;39;9812;6298;3420;94;1896;17212
42405221;org.apache.commons.math3.optim.univariate.BracketFinderTest$null;5;3;0;5;10;9812;6298;3420;94;1896;17217
42406284;org.apache.commons.math3.optim.univariate.BrentOptimizerTest$null;44;39;0;21;100;9812;6298;3420;94;1896;17238
42406396;org.apache.commons.math3.optim.univariate.MultiStartUnivariateOptimizerTest$null;17;14;0;6;18;9812;6298;3420;94;1896;17244
42406404;org.apache.commons.math3.optim.univariate.SimpleUnivariateValueCheckerTest$null;8;6;0;1;6;9812;6298;3420;94;1896;17245
42415013;org.apache.commons.math3.optimization.MultivariateDifferentiableMultiStartOptimizerTest$null;587;110;0;63;697;9812;6298;3420;94;1896;17308
42420550;org.apache.commons.math3.optimization.MultivariateDifferentiableVectorMultiStartOptimizerTest$null;43;40;61;135;608;9873;6304;3475;94;1835;17443
42420629;org.apache.commons.math3.optimization.MultivariateMultiStartOptimizerTest$null;16;13;0;5;10;9873;6304;3475;94;1835;17448
42420629;org.apache.commons.math3.optimization.PointValuePairTest$null;3;2;0;0;0;9873;6304;3475;94;1835;17448
42420630;org.apache.commons.math3.optimization.PointVectorValuePairTest$null;3;2;0;0;0;9873;6304;3475;94;1835;17448
42420802;org.apache.commons.math3.optimization.SimplePointCheckerTest$null;8;7;0;1;6;9873;6304;3475;94;1835;17449
42420802;org.apache.commons.math3.optimization.SimpleValueCheckerTest$null;9;6;0;0;6;9874;6304;3475;95;1834;17449
42420802;org.apache.commons.math3.optimization.SimpleVectorValueCheckerTest$null;9;7;0;0;6;9874;6304;3475;95;1834;17449
42437034;org.apache.commons.math3.optimization.direct.CMAESOptimizerTest$null;3440;3134;0;5;21;9874;6304;3475;95;1834;17454
42437173;org.apache.commons.math3.optimization.direct.MultivariateFunctionMappingAdapterTest$null;23;19;0;6;51;9874;6304;3475;95;1834;17460
42437279;org.apache.commons.math3.optimization.direct.MultivariateFunctionPenaltyAdapterTest$null;18;16;0;5;10;9874;6304;3475;95;1834;17465
42437400;org.apache.commons.math3.optimization.direct.PowellOptimizerTest$null;19;17;0;6;49;9874;6304;3475;95;1834;17471
42437525;org.apache.commons.math3.optimization.direct.SimplexOptimizerMultiDirectionalTest$null;25;28;0;5;10;9874;6304;3475;95;1834;17476
42437710;org.apache.commons.math3.optimization.direct.SimplexOptimizerNelderMeadTest$null;26;22;0;7;16;9874;6304;3475;95;1834;17483
42441264;org.apache.commons.math3.optimization.fitting.CurveFitterTest$null;64;45;5;71;574;9879;6304;3480;95;1829;17554
42455447;org.apache.commons.math3.optimization.fitting.GaussianFitterTest$null;2288;204;1;67;680;9880;6305;3480;95;1828;17621
42464531;org.apache.commons.math3.optimization.fitting.HarmonicFitterTest$null;1045;186;0;64;625;9880;6305;3480;95;1828;17685
43276776;org.apache.commons.math3.optimization.fitting.PolynomialFitterTest$null;1143638;10768;0;77;651;9880;6305;3480;95;1828;17762
43282565;org.apache.commons.math3.optimization.general.AbstractLeastSquaresOptimizerTest$null;130;65;0;82;755;9880;6305;3480;95;1828;17844
43316077;org.apache.commons.math3.optimization.general.GaussNewtonOptimizerTest$null;5573;365;0;91;863;9880;6305;3480;95;1828;17935
43340609;org.apache.commons.math3.optimization.general.LevenbergMarquardtOptimizerTest$null;2974;251;0;91;883;9880;6305;3480;95;1828;18026
43433470;org.apache.commons.math3.optimization.general.MinpackTest$null;71005;914;1;95;937;9881;6306;3480;95;1827;18121
43440255;org.apache.commons.math3.optimization.general.NonLinearConjugateGradientOptimizerTest$null;381;102;0;66;715;9881;6306;3480;95;1827;18187
43440333;org.apache.commons.math3.optimization.linear.SimplexSolverTest$null;69;66;0;1;3;9881;6306;3480;95;1827;18188
43440333;org.apache.commons.math3.optimization.linear.SimplexTableauTest$null;21;19;0;0;0;9881;6306;3480;95;1827;18188
43440358;org.apache.commons.math3.optimization.univariate.BracketFinderTest$null;5;3;0;5;10;9881;6306;3480;95;1827;18193
43441365;org.apache.commons.math3.optimization.univariate.BrentOptimizerTest$null;39;39;0;21;95;9881;6306;3480;95;1827;18214
43441366;org.apache.commons.math3.optimization.univariate.SimpleUnivariateValueCheckerTest$null;9;7;0;0;6;9881;6306;3480;95;1827;18214
43441433;org.apache.commons.math3.optimization.univariate.UnivariateMultiStartOptimizerTest$null;10;8;0;5;10;9881;6306;3480;95;1827;18219
43441500;org.apache.commons.math3.primes.PrimesTest$null;21;30;0;2;14;9881;6306;3480;95;1827;18221
43482509;org.apache.commons.math3.random.AbstractRandomGeneratorTest$null;2372;2354;0;18;39;9881;6306;3480;95;1827;18239
43521782;org.apache.commons.math3.random.BitsStreamGeneratorTest$null;2239;2143;0;18;39;9881;6306;3480;95;1827;18257
43521783;org.apache.commons.math3.random.CorrelatedRandomVectorGeneratorTest$null;53;66;0;0;0;9881;6306;3480;95;1827;18257
43623099;org.apache.commons.math3.random.EmpiricalDistributionTest$null;3141;1933;0;61;380;9881;6306;3480;95;1827;18318
43623099;org.apache.commons.math3.random.GaussianRandomGeneratorTest$null;11;10;0;0;0;9881;6306;3480;95;1827;18318
43662763;org.apache.commons.math3.random.ISAACTest$null;2215;2105;0;18;39;9881;6306;3480;95;1827;18336
43699648;org.apache.commons.math3.random.MersenneTwisterTest$null;2017;1986;0;18;39;9881;6306;3480;95;1827;18354
43699649;org.apache.commons.math3.random.RandomAdaptorTest$null;3;0;0;0;0;9881;6306;3480;95;1827;18354
43732371;org.apache.commons.math3.random.RandomDataGeneratorTest$null;1752;1791;0;18;36;9881;6306;3480;95;1827;18372
43732371;org.apache.commons.math3.random.StableRandomGeneratorTest$null;111;113;0;0;3;9881;6306;3480;95;1827;18372
43732371;org.apache.commons.math3.random.SynchronizedRandomGeneratorTest$null;1891;1921;0;0;0;9881;6306;3480;95;1827;18372
43732371;org.apache.commons.math3.random.UncorrelatedRandomVectorGeneratorTest$null;31;28;0;0;0;9881;6306;3480;95;1827;18372
43732372;org.apache.commons.math3.random.UniformRandomGeneratorTest$null;14;10;0;0;0;9881;6306;3480;95;1827;18372
43733582;org.apache.commons.math3.random.UnitSphereRandomVectorGeneratorTest$null;1558;343;12;15;24;9893;6318;3480;95;1815;18387
43733852;org.apache.commons.math3.random.ValueServerTest$null;83;71;0;3;6;9893;6318;3480;95;1815;18390
43772410;org.apache.commons.math3.random.Well1024aTest$null;2155;2101;0;18;39;9893;6318;3480;95;1815;18408
43813559;org.apache.commons.math3.random.Well19937aTest$null;2280;2232;0;18;39;9893;6318;3480;95;1815;18426
43854674;org.apache.commons.math3.random.Well19937cTest$null;2279;2231;0;18;39;9893;6318;3480;95;1815;18444
43895476;org.apache.commons.math3.random.Well44497aTest$null;2285;2203;0;18;39;9893;6318;3480;95;1815;18462
43939352;org.apache.commons.math3.random.Well44497bTest$null;2421;2406;0;18;39;9893;6318;3480;95;1815;18480
43977293;org.apache.commons.math3.random.Well512aTest$null;2124;2086;0;18;39;9893;6318;3480;95;1815;18498
43977294;org.apache.commons.math3.special.BetaTest$null;22;18;0;0;3;9893;6318;3480;95;1815;18498
43977294;org.apache.commons.math3.special.ErfTest$null;43;53;0;0;0;9893;6318;3480;95;1815;18498
43977294;org.apache.commons.math3.special.GammaTest$null;19;26;0;0;3;9893;6318;3480;95;1815;18498
43977295;org.apache.commons.math3.stat.CertifiedDataTest$null;34;34;0;0;0;9893;6318;3480;95;1815;18498
43977295;org.apache.commons.math3.stat.FrequencyTest$null;10;15;0;0;3;9893;6318;3480;95;1815;18498
43977372;org.apache.commons.math3.stat.StatUtilsTest$null;24;21;0;3;6;9893;6318;3480;95;1815;18501
43977714;org.apache.commons.math3.stat.clustering.DBSCANClustererTest$null;23;18;6;17;38;9899;6322;3482;95;1809;18518
43977723;org.apache.commons.math3.stat.clustering.EuclideanDoublePointTest$null;10;9;0;1;16;9899;6322;3482;95;1809;18519
43977839;org.apache.commons.math3.stat.clustering.EuclideanIntegerPointTest$null;10;9;9;10;16;9908;6330;3483;95;1800;18529
43977974;org.apache.commons.math3.stat.clustering.KMeansPlusPlusClustererTest$null;1203;106;0;1;19;9908;6330;3483;95;1800;18530
43977974;org.apache.commons.math3.stat.correlation.CovarianceTest$null;24;21;0;0;6;9908;6330;3483;95;1800;18530
43977974;org.apache.commons.math3.stat.correlation.PearsonsCorrelationTest$null;43;41;0;0;3;9908;6330;3483;95;1800;18530
43977974;org.apache.commons.math3.stat.correlation.SpearmansRankCorrelationTest$null;33;31;0;0;3;9908;6330;3483;95;1800;18530
43977975;org.apache.commons.math3.stat.correlation.StorelessCovarianceTest$null;15;13;0;0;0;9908;6330;3483;95;1800;18530
43977975;org.apache.commons.math3.stat.data.LewTest$null;18;16;0;0;0;9908;6330;3483;95;1800;18530
43977975;org.apache.commons.math3.stat.data.LotteryTest$null;18;16;0;0;0;9908;6330;3483;95;1800;18530
43978003;org.apache.commons.math3.stat.descriptive.AbstractUnivariateStatisticTest$null;7;6;0;3;6;9908;6330;3483;95;1800;18533
43978004;org.apache.commons.math3.stat.descriptive.AggregateSummaryStatisticsTest$null;21;20;0;0;0;9908;6330;3483;95;1800;18533
43978004;org.apache.commons.math3.stat.descriptive.DescriptiveStatisticsTest$null;27;24;0;0;3;9908;6330;3483;95;1800;18533
43978004;org.apache.commons.math3.stat.descriptive.ListUnivariateImplTest$null;24;22;0;0;0;9908;6330;3483;95;1800;18533
43978004;org.apache.commons.math3.stat.descriptive.MixedListUnivariateImplTest$null;24;16;0;0;0;9908;6330;3483;95;1800;18533
43978591;org.apache.commons.math3.stat.descriptive.MultivariateSummaryStatisticsTest$null;38;35;4;17;20;9912;6332;3485;95;1796;18550
43978591;org.apache.commons.math3.stat.descriptive.StatisticalSummaryValuesTest$null;6;5;0;0;0;9912;6332;3485;95;1796;18550
43978615;org.apache.commons.math3.stat.descriptive.SummaryStatisticsTest$null;25;23;0;1;3;9912;6332;3485;95;1796;18551
43978616;org.apache.commons.math3.stat.descriptive.SynchronizedDescriptiveStatisticsTest$null;26;25;0;0;3;9912;6332;3485;95;1796;18551
43979135;org.apache.commons.math3.stat.descriptive.SynchronizedMultivariateSummaryStatisticsTest$null;50;36;0;13;20;9912;6332;3485;95;1796;18564
43979168;org.apache.commons.math3.stat.descriptive.SynchronizedSummaryStatisticsTest$null;26;24;0;1;3;9912;6332;3485;95;1796;18565
43979168;org.apache.commons.math3.stat.descriptive.moment.FirstMomentTest$null;9;7;0;0;0;9912;6332;3485;95;1796;18565
43979169;org.apache.commons.math3.stat.descriptive.moment.FourthMomentTest$null;11;8;0;0;0;9912;6332;3485;95;1796;18565
43979169;org.apache.commons.math3.stat.descriptive.moment.GeometricMeanTest$null;15;12;0;0;0;9912;6332;3485;95;1796;18565
43979169;org.apache.commons.math3.stat.descriptive.moment.InteractionTest$null;7;4;0;0;0;9912;6332;3485;95;1796;18565
43979169;org.apache.commons.math3.stat.descriptive.moment.KurtosisTest$null;18;15;0;0;0;9912;6332;3485;95;1796;18565
43979170;org.apache.commons.math3.stat.descriptive.moment.MeanTest$null;19;16;0;0;0;9912;6332;3485;95;1796;18565
43979170;org.apache.commons.math3.stat.descriptive.moment.SecondMomentTest$null;10;7;0;0;0;9912;6332;3485;95;1796;18565
43979170;org.apache.commons.math3.stat.descriptive.moment.SemiVarianceTest$null;12;11;0;0;3;9912;6332;3485;95;1796;18565
43979170;org.apache.commons.math3.stat.descriptive.moment.SkewnessTest$null;12;10;0;0;0;9912;6332;3485;95;1796;18565
43979171;org.apache.commons.math3.stat.descriptive.moment.StandardDeviationTest$null;12;10;0;0;0;9912;6332;3485;95;1796;18565
43979171;org.apache.commons.math3.stat.descriptive.moment.ThirdMomentTest$null;11;8;0;0;0;9912;6332;3485;95;1796;18565
43979424;org.apache.commons.math3.stat.descriptive.moment.VarianceTest$null;24;22;4;11;34;9916;6335;3486;95;1792;18576
43979425;org.apache.commons.math3.stat.descriptive.moment.VectorialCovarianceTest$null;14;13;0;0;3;9916;6335;3486;95;1792;18576
43979425;org.apache.commons.math3.stat.descriptive.moment.VectorialMeanTest$null;12;10;0;0;3;9916;6335;3486;95;1792;18576
43979425;org.apache.commons.math3.stat.descriptive.rank.MaxTest$null;10;7;0;0;0;9916;6335;3486;95;1792;18576
43979426;org.apache.commons.math3.stat.descriptive.rank.MedianTest$null;6;4;0;0;0;9916;6335;3486;95;1792;18576
43979426;org.apache.commons.math3.stat.descriptive.rank.MinTest$null;10;7;0;0;0;9916;6335;3486;95;1792;18576
43979426;org.apache.commons.math3.stat.descriptive.rank.PercentileTest$null;10;8;0;0;3;9916;6335;3486;95;1792;18576
43979426;org.apache.commons.math3.stat.descriptive.summary.ProductTest$null;20;17;0;0;0;9916;6335;3486;95;1792;18576
43979427;org.apache.commons.math3.stat.descriptive.summary.SumLogTest$null;14;11;0;0;0;9916;6335;3486;95;1792;18576
43979427;org.apache.commons.math3.stat.descriptive.summary.SumSqTest$null;10;7;0;0;0;9916;6335;3486;95;1792;18576
43979427;org.apache.commons.math3.stat.descriptive.summary.SumTest$null;9;7;0;0;0;9916;6335;3486;95;1792;18576
43980949;org.apache.commons.math3.stat.inference.ChiSquareTestTest$null;28;25;26;41;59;9942;6342;3504;96;1766;18617
43981132;org.apache.commons.math3.stat.inference.GTestTest$null;30;25;0;5;31;9942;6342;3504;96;1766;18622
43981132;org.apache.commons.math3.stat.inference.MannWhitneyUTestTest$null;22;19;0;0;3;9942;6342;3504;96;1766;18622
43981132;org.apache.commons.math3.stat.inference.OneWayAnovaTest$null;24;22;0;0;3;9942;6342;3504;96;1766;18622
43981132;org.apache.commons.math3.stat.inference.TTestTest$null;28;26;0;0;3;9942;6342;3504;96;1766;18622
43981720;org.apache.commons.math3.stat.inference.TestUtilsTest$null;42;36;0;13;57;9942;6342;3504;96;1766;18635
43981721;org.apache.commons.math3.stat.inference.WilcoxonSignedRankTestTest$null;20;20;0;0;3;9942;6342;3504;96;1766;18635
43981721;org.apache.commons.math3.stat.ranking.NaturalRankingTest$null;13;11;0;0;3;9942;6342;3504;96;1766;18635
43981721;org.apache.commons.math3.stat.regression.GLSMultipleLinearRegressionTest$null;291;292;0;0;3;9942;6342;3504;96;1766;18635
43981721;org.apache.commons.math3.stat.regression.MillerUpdatingRegressionTest$null;100;101;0;0;8;9942;6342;3504;96;1766;18635
43981721;org.apache.commons.math3.stat.regression.OLSMultipleLinearRegressionTest$null;46;35;0;0;3;9942;6342;3504;96;1766;18635
43981882;org.apache.commons.math3.stat.regression.SimpleRegressionTest$null;32;26;0;5;13;9942;6342;3504;96;1766;18640
43982278;org.apache.commons.math3.transform.FastCosineTransformerTest$null;45;51;2;9;75;9944;6344;3504;96;1764;18649
43982721;org.apache.commons.math3.transform.FastFourierTransformerTest$null;54;56;0;7;75;9944;6344;3504;96;1764;18656
43982722;org.apache.commons.math3.transform.FastHadamardTransformerTest$null;11;8;0;0;3;9944;6344;3504;96;1764;18656
43983050;org.apache.commons.math3.transform.FastSineTransformerTest$null;46;45;1;7;75;9945;6344;3505;96;1763;18663
43984849;org.apache.commons.math3.util.ArithmeticUtilsTest$null;259;256;1;7;22;9946;6345;3505;96;1762;18670
43984850;org.apache.commons.math3.util.BigRealFieldTest$null;4;3;0;0;0;9946;6345;3505;96;1762;18670
43984850;org.apache.commons.math3.util.BigRealTest$null;11;11;0;0;3;9946;6345;3505;96;1762;18670
43984850;org.apache.commons.math3.util.ContinuedFractionTest$null;4;3;0;0;0;9946;6345;3505;96;1762;18670
43993610;org.apache.commons.math3.util.Decimal64Test$null;81;51;0;146;982;9946;6345;3505;96;1762;18816
43993611;org.apache.commons.math3.util.DefaultTransformerTest$null;7;5;0;0;3;9946;6345;3505;96;1762;18816
43993611;org.apache.commons.math3.util.FastMathStrictComparisonTest$null;32;22;0;0;0;9946;6345;3505;96;1762;18816
43993612;org.apache.commons.math3.util.FastMathTest$null;5711;6051;0;0;0;9946;6345;3505;96;1762;18816
43993689;org.apache.commons.math3.util.IncrementorTest$null;7;5;6;11;25;9952;6351;3505;96;1756;18827
44034339;org.apache.commons.math3.util.MathArraysTest$null;541;114;183;390;1430;10135;6489;3550;96;1573;19217
44034340;org.apache.commons.math3.util.MathUtilsTest$null;24;21;0;0;4;10135;6489;3550;96;1573;19217
44034340;org.apache.commons.math3.util.MultidimensionalCounterTest$null;13;11;0;0;11;10135;6489;3550;96;1573;19217
44034340;org.apache.commons.math3.util.OpenIntToDoubleHashMapTest$null;58;60;0;0;0;10135;6489;3550;96;1573;19217
44034340;org.apache.commons.math3.util.OpenIntToFieldTest$null;37;30;0;0;0;10135;6489;3550;96;1573;19217
44034422;org.apache.commons.math3.util.PairTest$null;2;1;12;28;28;10147;6499;3552;96;1561;19245
44034445;org.apache.commons.math3.util.PrecisionTest$null;11;10;0;1;4;10147;6499;3552;96;1561;19246
44034488;org.apache.commons.math3.util.ResizableDoubleArrayTest$null;21;19;0;2;6;10147;6499;3552;96;1561;19248
44034488;org.apache.commons.math3.util.TransformerMapTest$null;4;3;0;0;0;10147;6499;3552;96;1561;19248
