CurrentTotalRuntime;Testname;RuntimeToGetCoverage;RuntimeOriginal;KilledByTest;AnalyzedByTest;CoveredByTest;TotalKilled;TotalFailure;TotalException;TotalTimeout;LiveMutants;TotalAnalyzed
42458;org.jbehave.core.ConfigurableEmbedderBehaviour$null;189;248;25;111;111;25;6;19;0;2445;111
42458;org.jbehave.core.InjectableEmbedderBehaviour$null;131;150;0;0;0;25;6;19;0;2445;111
136515;org.jbehave.core.configuration.AnnotationBuilderBehaviour$null;86;125;102;192;214;127;6;93;28;2343;303
137120;org.jbehave.core.configuration.KeywordsBehaviour$null;6;4;35;37;40;162;7;126;29;2308;340
141450;org.jbehave.core.configuration.ParanamerConfigurationBehaviour$null;26;39;14;42;103;176;7;126;43;2294;382
144576;org.jbehave.core.configuration.PropertyBasedConfigurationBehaviour$null;30;40;12;30;104;188;7;128;53;2282;412
150277;org.jbehave.core.configuration.UnmodifiableConfigurationBehaviour$null;45;52;1;20;104;189;7;129;53;2281;432
957119;org.jbehave.core.embedder.EmbedderBehaviour$null;6748;6886;643;643;766;832;7;772;53;1638;1075
961519;org.jbehave.core.embedder.EmbedderClassLoaderBehaviour$null;47;48;7;15;118;839;7;779;53;1631;1090
966438;org.jbehave.core.embedder.EmbedderControlsBehaviour$null;27;27;26;39;65;865;7;786;72;1605;1129
992628;org.jbehave.core.embedder.EmbedderMonitorBehaviour$null;152;198;26;26;40;892;7;811;74;1578;1155
1011446;org.jbehave.core.embedder.MetaFilterBehaviour$null;497;627;31;31;51;923;7;842;74;1547;1186
1028528;org.jbehave.core.embedder.StoryMapperBehaviour$null;139;119;14;14;68;937;7;856;74;1533;1200
1242249;org.jbehave.core.embedder.StoryRunnerBehaviour$null;348;355;277;277;455;1214;7;1133;74;1256;1477
1242249;org.jbehave.core.embedder.executors.ExecutorsBehaviour$null;9;5;0;0;11;1214;7;1133;74;1256;1477
1242249;org.jbehave.core.failures.FailureStrategyBehaviour$null;6;1;0;0;0;1214;7;1133;74;1256;1477
1242249;org.jbehave.core.failures.StepFailureBehaviour$null;6;2;0;0;0;1214;7;1133;74;1256;1477
1242250;org.jbehave.core.i18n.LocalizedKeywordsBehaviour$null;55;42;0;0;102;1214;7;1133;74;1256;1477
1246149;org.jbehave.core.io.CodeLocationsBehaviour$null;14;9;1;2;6;1215;7;1133;75;1255;1479
1251966;org.jbehave.core.io.IOUtilsBehaviour$null;139;142;3;3;6;1219;7;1136;76;1251;1482
1257813;org.jbehave.core.io.LoadFromRelativeFileBehaviour$null;14;9;3;3;12;1222;7;1136;79;1248;1485
1320484;org.jbehave.core.io.RelativePathCalculatorBehaviour$null;7;3;32;32;32;1254;7;1143;104;1216;1517
1382583;org.jbehave.core.io.StoryFinderBehaviour$null;43;38;31;32;42;1285;7;1148;130;1185;1549
1392269;org.jbehave.core.io.StoryLocationBehaviour$null;25;73;5;5;12;1291;7;1149;135;1179;1554
1392270;org.jbehave.core.io.StoryNameResolverBehaviour$null;10;5;0;0;6;1291;7;1149;135;1179;1554
1392270;org.jbehave.core.io.StoryPathResolverBehaviour$null;11;7;0;0;30;1291;7;1149;135;1179;1554
1392270;org.jbehave.core.io.UnderscoredToCapitalizedBehaviour$null;9;4;0;0;6;1291;7;1149;135;1179;1554
1561091;org.jbehave.core.model.ExamplesTableBehaviour$null;66;55;86;86;302;1377;7;1235;135;1093;1640
1561091;org.jbehave.core.model.ExamplesTableFactoryBehaviour$null;116;103;0;0;111;1377;7;1235;135;1093;1640
1561091;org.jbehave.core.model.MetaBehaviour$null;23;20;0;0;41;1377;7;1235;135;1093;1640
1580942;org.jbehave.core.model.OutcomesTableBehaviour$null;20;17;9;10;18;1386;7;1238;141;1084;1650
1582918;org.jbehave.core.model.StoryMapsBehaviour$null;30;28;1;1;67;1388;7;1239;142;1082;1651
1582918;org.jbehave.core.model.TableTransformersBehaviour$null;9;5;0;0;61;1388;7;1239;142;1082;1651
1652160;org.jbehave.core.parsers.RegexPrefixCapturingPatternParserBehaviour$null;21;20;32;32;38;1420;7;1243;170;1050;1683
1812272;org.jbehave.core.parsers.TransformingStoryParserBehaviour$null;23;20;54;54;142;1474;7;1247;220;996;1737
1998994;org.jbehave.core.reporters.ANSIConsoleOutputBehaviour$null;17;11;69;69;133;1543;7;1261;275;927;1806
2221964;org.jbehave.core.reporters.CrossReferenceBehaviour$null;244;253;71;71;207;1614;7;1332;275;856;1877
2279526;org.jbehave.core.reporters.DelegatingStoryReporterBehaviour$null;163;142;5;5;121;1619;7;1337;275;851;1882
2295065;org.jbehave.core.reporters.FilePrintStreamFactoryBehaviour$null;28;24;4;4;18;1623;7;1338;278;847;1886
2333769;org.jbehave.core.reporters.FreemarkerViewGeneratorBehaviour$null;118;98;4;4;74;1627;7;1342;278;843;1890
2378607;org.jbehave.core.reporters.NullStoryReporterBehaviour$null;28;20;0;0;102;1627;7;1342;278;843;1890
2702443;org.jbehave.core.reporters.PostStoryStatisticsCollectorBehaviour$null;42;34;108;108;210;1735;7;1359;368;735;1998
3579785;org.jbehave.core.reporters.PrintStreamOutputBehaviour$null;356;374;287;287;661;2022;7;1646;369;448;2285
3737401;org.jbehave.core.reporters.SilentSuccessFilterBehaviour$null;150;129;43;43;134;2065;7;1689;369;405;2328
3826342;org.jbehave.core.reporters.StepFailureDecoratorBehaviour$null;149;138;16;16;119;2081;7;1705;369;389;2344
3826753;org.jbehave.core.steps.BeforeOrAfterStepBehaviour$null;130;106;0;0;0;2081;7;1705;369;389;2344
3834231;org.jbehave.core.steps.ChainedRowBehaviour$null;18;11;0;0;16;2081;7;1705;369;389;2344
4355554;org.jbehave.core.steps.CompositeStepCandidateBehaviour$null;81;93;149;149;362;2230;7;1854;369;240;2493
4367253;org.jbehave.core.steps.ConcurrencyBehaviour$null;119;144;0;0;25;2230;7;1854;369;240;2493
4391646;org.jbehave.core.steps.ConvertedParametersBehaviour$null;20;16;0;0;47;2230;7;1854;369;240;2493
4468122;org.jbehave.core.steps.InstanceStepsFactoryBehaviour$null;43;34;6;6;117;2236;7;1855;374;234;2499
4820378;org.jbehave.core.steps.ParameterConvertersBehaviour$null;133;130;91;91;327;2327;7;1946;374;143;2590
4861170;org.jbehave.core.steps.PatternVariantBuilderBehaviour$null;6;2;16;16;18;2343;7;1949;387;127;2606
4949298;org.jbehave.core.steps.PendingStepMethodGeneratorBehaviour$null;17;14;32;32;54;2375;7;1959;409;95;2638
4953398;org.jbehave.core.steps.PrintStreamStepMonitorBehaviour$null;8;6;1;1;4;2376;7;1959;410;94;2639
5176199;org.jbehave.core.steps.StepCandidateBehaviour$null;202;202;24;24;415;2400;7;1983;410;70;2663
5338807;org.jbehave.core.steps.StepCreatorBehaviour$null;216;194;25;25;270;2425;7;2008;410;45;2688
5413723;org.jbehave.core.steps.StepFinderBehaviour$null;56;49;0;0;183;2425;7;2008;410;45;2688
5424307;org.jbehave.core.steps.StepResultBehaviour$null;150;119;2;2;15;2427;7;2010;410;43;2690
5594409;org.jbehave.core.steps.StepsBehaviour$null;91;95;32;32;240;2459;7;2042;410;11;2722
