CurrentTotalRuntime;Testname;RuntimeToGetCoverage;RuntimeOriginal;KilledByTest;AnalyzedByTest;CoveredByTest;TotalKilled;TotalFailure;TotalException;TotalTimeout;LiveMutants;TotalAnalyzed
45;org.apache.commons.math3.RetryRunnerTest$null;8;12;0;3;3;0;0;0;0;11708;3
111876;org.apache.commons.math3.analysis.FunctionUtilsTest$null;753;165;889;1147;1147;889;332;551;6;10819;1150
125477;org.apache.commons.math3.analysis.differentiation.DSCompilerTest$null;341;99;143;207;569;1032;408;618;6;10676;1357
15785033;org.apache.commons.math3.analysis.differentiation.DerivativeStructureTest$null;72518;2558;2826;3445;4283;3858;2410;1434;14;7850;4802
15884511;org.apache.commons.math3.analysis.differentiation.FiniteDifferencesDifferentiatorTest$null;1940;207;378;513;1225;4236;2683;1538;15;7472;5315
15902711;org.apache.commons.math3.analysis.differentiation.GradientFunctionTest$null;6708;271;13;70;648;4249;2687;1547;15;7459;5385
15908861;org.apache.commons.math3.analysis.differentiation.JacobianFunctionTest$null;277;93;17;73;626;4266;2693;1558;15;7442;5458
15913886;org.apache.commons.math3.analysis.function.GaussianTest$null;27;26;103;187;919;4369;2776;1577;16;7339;5645
15918152;org.apache.commons.math3.analysis.function.HarmonicOscillatorTest$null;25;21;111;181;743;4480;2855;1608;17;7228;5826
15931126;org.apache.commons.math3.analysis.function.LogisticTest$null;79;41;293;383;1043;4773;3104;1652;17;6935;6209
15937281;org.apache.commons.math3.analysis.function.LogitTest$null;47;33;120;197;869;4893;3182;1694;17;6815;6406
15939335;org.apache.commons.math3.analysis.function.SigmoidTest$null;25;23;9;75;768;4902;3187;1698;17;6806;6481
15992335;org.apache.commons.math3.analysis.function.SincTest$null;168;165;288;448;1009;5190;3443;1729;18;6518;6929
15993673;org.apache.commons.math3.analysis.function.SqrtTest$null;20;19;2;58;650;5192;3443;1730;19;6516;6987
15994899;org.apache.commons.math3.analysis.function.StepFunctionTest$null;13;14;56;83;83;5248;3458;1771;19;6460;7070
17874511;org.apache.commons.math3.analysis.integration.IterativeLegendreGaussIntegratorTest$null;114785;1729;284;375;424;5532;3560;1946;26;6176;7445
17946741;org.apache.commons.math3.analysis.integration.LegendreGaussIntegratorTest$null;56086;595;485;538;589;6017;3776;2215;26;5691;7983
17949290;org.apache.commons.math3.analysis.integration.RombergIntegratorTest$null;12;12;150;189;200;6167;3815;2326;26;5541;8172
17950404;org.apache.commons.math3.analysis.integration.SimpsonIntegratorTest$null;12;12;43;79;165;6210;3831;2353;26;5498;8251
17951879;org.apache.commons.math3.analysis.integration.TrapezoidIntegratorTest$null;26;19;28;57;143;6238;3843;2369;26;5470;8308
17952149;org.apache.commons.math3.analysis.integration.gauss.BaseRuleFactoryTest$null;26;27;0;9;19;6238;3843;2369;26;5470;8317
17974298;org.apache.commons.math3.analysis.integration.gauss.LegendreHighPrecisionParametricTest$null;1263;814;4;34;208;6242;3845;2371;26;5466;8351
18131327;org.apache.commons.math3.analysis.integration.gauss.LegendreHighPrecisionTest$null;8328;4952;0;31;242;6242;3845;2371;26;5466;8382
18187449;org.apache.commons.math3.analysis.integration.gauss.LegendreParametricTest$null;757;199;255;315;365;6497;3998;2460;39;5211;8697
18257281;org.apache.commons.math3.analysis.integration.gauss.LegendreTest$null;5358;1116;0;61;399;6497;3998;2460;39;5211;8758
18284783;org.apache.commons.math3.analysis.interpolation.BicubicSplineInterpolatingFunctionTest$null;191;59;906;1019;1033;7403;4727;2637;39;4305;9777
18297645;org.apache.commons.math3.analysis.interpolation.BicubicSplineInterpolatorTest$null;35;21;377;651;1441;7780;4932;2808;40;3928;10428
18299958;org.apache.commons.math3.analysis.interpolation.DividedDifferenceInterpolatorTest$null;19;20;97;142;155;7877;4978;2859;40;3831;10570
18348786;org.apache.commons.math3.analysis.interpolation.FieldHermiteInterpolatorTest$null;1025;781;124;177;252;8001;5018;2943;40;3707;10747
18372081;org.apache.commons.math3.analysis.interpolation.HermiteInterpolatorTest$null;1129;145;186;296;975;8187;5122;3025;40;3521;11043
18373794;org.apache.commons.math3.analysis.interpolation.LinearInterpolatorTest$null;17;15;61;117;239;8248;5149;3059;40;3460;11160
18407651;org.apache.commons.math3.analysis.interpolation.LoessInterpolatorTest$null;549;133;323;397;414;8571;5401;3130;40;3137;11557
18425231;org.apache.commons.math3.analysis.interpolation.MicrosphereInterpolatorTest$null;517;161;46;111;111;8617;5432;3145;40;3091;11668
18428037;org.apache.commons.math3.analysis.interpolation.NevilleInterpolatorTest$null;20;19;98;157;173;8715;5484;3191;40;2993;11825
18448861;org.apache.commons.math3.analysis.interpolation.SmoothingPolynomialBicubicSplineInterpolatorTest$null;63;55;97;425;1607;8812;5506;3264;42;2896;12250
18451308;org.apache.commons.math3.analysis.interpolation.SplineInterpolatorTest$null;18;15;71;140;532;8883;5575;3266;42;2825;12390
18451724;org.apache.commons.math3.analysis.interpolation.TricubicSplineInterpolatingFunctionTest$null;22;21;0;15;32;8883;5575;3266;42;2825;12405
18467984;org.apache.commons.math3.analysis.interpolation.TricubicSplineInterpolatorTest$null;378;79;16;192;1535;8899;5591;3266;42;2809;12597
18469292;org.apache.commons.math3.analysis.interpolation.UnivariatePeriodicInterpolatorTest$null;20;17;6;68;258;8905;5594;3269;42;2803;12665
18472507;org.apache.commons.math3.analysis.polynomials.PolynomialFunctionLagrangeFormTest$null;15;13;159;205;324;9064;5696;3326;42;2644;12870
18475308;org.apache.commons.math3.analysis.polynomials.PolynomialFunctionNewtonFormTest$null;36;22;78;156;763;9142;5735;3365;42;2566;13026
18476459;org.apache.commons.math3.analysis.polynomials.PolynomialFunctionTest$null;9;8;74;122;266;9216;5796;3378;42;2492;13148
18477656;org.apache.commons.math3.analysis.polynomials.PolynomialSplineFunctionTest$null;14;12;24;76;245;9240;5806;3392;42;2468;13224
18583408;org.apache.commons.math3.analysis.polynomials.PolynomialsUtilsTest$null;92376;1000;5;101;620;9245;5811;3392;42;2463;13325
18583484;org.apache.commons.math3.analysis.solvers.BisectionSolverTest$null;8;8;0;6;10;9245;5811;3392;42;2463;13331
18585963;org.apache.commons.math3.analysis.solvers.BracketingNthOrderBrentSolverTest$null;34;30;0;73;826;9245;5811;3392;42;2463;13404
18588093;org.apache.commons.math3.analysis.solvers.BrentSolverTest$null;37;27;1;70;721;9246;5811;3393;42;2462;13474
18588205;org.apache.commons.math3.analysis.solvers.IllinoisSolverTest$null;14;18;0;8;13;9246;5811;3393;42;2462;13482
18588491;org.apache.commons.math3.analysis.solvers.LaguerreSolverTest$null;15;15;0;17;75;9246;5811;3393;42;2462;13499
18588624;org.apache.commons.math3.analysis.solvers.MullerSolver2Test$null;16;15;0;8;13;9246;5811;3393;42;2462;13507
18588780;org.apache.commons.math3.analysis.solvers.MullerSolverTest$null;16;15;0;8;13;9246;5811;3393;42;2462;13515
18589857;org.apache.commons.math3.analysis.solvers.NewtonRaphsonSolverTest$null;19;17;0;53;588;9246;5811;3393;42;2462;13568
18590969;org.apache.commons.math3.analysis.solvers.NewtonSolverTest$null;19;17;0;49;525;9246;5811;3393;42;2462;13617
18591083;org.apache.commons.math3.analysis.solvers.PegasusSolverTest$null;14;13;0;8;13;9246;5811;3393;42;2462;13625
18591256;org.apache.commons.math3.analysis.solvers.RegulaFalsiSolverTest$null;18;18;0;9;14;9246;5811;3393;42;2462;13634
18591410;org.apache.commons.math3.analysis.solvers.RiddersSolverTest$null;16;15;0;8;13;9246;5811;3393;42;2462;13642
18591546;org.apache.commons.math3.analysis.solvers.SecantSolverTest$null;15;14;0;8;13;9246;5811;3393;42;2462;13650
18591711;org.apache.commons.math3.analysis.solvers.UnivariateSolverUtilsTest$null;12;13;0;11;16;9246;5811;3393;42;2462;13661
18591711;org.apache.commons.math3.complex.ComplexFieldTest$null;4;4;0;0;0;9246;5811;3393;42;2462;13661
18591711;org.apache.commons.math3.complex.ComplexFormatTest$null;8;9;0;0;0;9246;5811;3393;42;2462;13661
18591779;org.apache.commons.math3.complex.ComplexTest$null;26;28;0;3;3;9246;5811;3393;42;2462;13664
18591834;org.apache.commons.math3.complex.ComplexUtilsTest$null;17;15;0;3;3;9246;5811;3393;42;2462;13667
18591834;org.apache.commons.math3.complex.FrenchComplexFormatTest$null;8;9;0;0;0;9246;5811;3393;42;2462;13667
18594512;org.apache.commons.math3.complex.QuaternionTest$null;28;28;1;85;453;9247;5812;3393;42;2461;13752
18594610;org.apache.commons.math3.complex.RootsOfUnityTest$null;9;8;0;6;6;9247;5812;3393;42;2461;13758
18596742;org.apache.commons.math3.dfp.BracketingNthOrderBrentSolverDFPTest$null;266;250;0;8;13;9247;5812;3393;42;2461;13766
18596742;org.apache.commons.math3.dfp.DfpDecTest$null;109;105;0;0;0;9247;5812;3393;42;2461;13766
18596742;org.apache.commons.math3.dfp.DfpMathTest$null;129;121;0;0;0;9247;5812;3393;42;2461;13766
18759745;org.apache.commons.math3.dfp.DfpTest$null;665;663;41;242;982;9288;5853;3393;42;2420;14008
18759745;org.apache.commons.math3.distribution.AbstractIntegerDistributionTest$null;5;4;0;0;0;9288;5853;3393;42;2420;14008
18762413;org.apache.commons.math3.distribution.AbstractRealDistributionTest$null;1192;72;0;31;192;9288;5853;3393;42;2420;14039
18762754;org.apache.commons.math3.distribution.BetaDistributionTest$null;69;62;0;5;10;9288;5853;3393;42;2420;14044
18766354;org.apache.commons.math3.distribution.BinomialDistributionTest$null;149;144;9;23;23;9297;5853;3402;42;2411;14067
18774221;org.apache.commons.math3.distribution.CauchyDistributionTest$null;599;105;0;67;382;9297;5853;3402;42;2411;14134
18781967;org.apache.commons.math3.distribution.ChiSquaredDistributionTest$null;146;117;0;64;379;9297;5853;3402;42;2411;14198
18783704;org.apache.commons.math3.distribution.EnumeratedIntegerDistributionTest$null;68;67;23;41;41;9320;5865;3413;42;2388;14239
18785403;org.apache.commons.math3.distribution.EnumeratedRealDistributionTest$null;74;66;0;18;41;9320;5865;3413;42;2388;14257
18788954;org.apache.commons.math3.distribution.ExponentialDistributionTest$null;52;45;0;67;382;9320;5865;3413;42;2388;14324
18801196;org.apache.commons.math3.distribution.FDistributionTest$null;212;159;0;67;382;9320;5865;3413;42;2388;14391
18813699;org.apache.commons.math3.distribution.GammaDistributionTest$null;225;267;0;67;382;9320;5865;3413;42;2388;14458
18815160;org.apache.commons.math3.distribution.HypergeometricDistributionTest$null;65;62;0;20;29;9320;5865;3413;42;2388;14478
18815708;org.apache.commons.math3.distribution.KolmogorovSmirnovDistributionTest$null;71;63;0;8;14;9320;5865;3413;42;2388;14486
18820547;org.apache.commons.math3.distribution.LevyDistributionTest$null;110;74;0;64;379;9320;5865;3413;42;2388;14550
18830474;org.apache.commons.math3.distribution.LogNormalDistributionTest$null;151;136;0;67;382;9320;5865;3413;42;2388;14617
18830475;org.apache.commons.math3.distribution.MultivariateNormalDistributionTest$null;237;244;0;0;5;9320;5865;3413;42;2388;14617
18831290;org.apache.commons.math3.distribution.MultivariateNormalMixtureModelDistributionTest$null;35;44;0;7;12;9320;5865;3413;42;2388;14624
18836625;org.apache.commons.math3.distribution.NormalDistributionTest$null;91;58;0;67;382;9320;5865;3413;42;2388;14691
18837694;org.apache.commons.math3.distribution.PascalDistributionTest$null;76;71;0;14;23;9320;5865;3413;42;2388;14705
18838638;org.apache.commons.math3.distribution.PoissonDistributionTest$null;50;48;0;17;26;9320;5865;3413;42;2388;14722
18847779;org.apache.commons.math3.distribution.TDistributionTest$null;152;126;0;67;382;9320;5865;3413;42;2388;14789
18856721;org.apache.commons.math3.distribution.TriangularDistributionTest$null;1574;123;0;64;379;9320;5865;3413;42;2388;14853
18857135;org.apache.commons.math3.distribution.UniformIntegerDistributionTest$null;25;25;0;14;23;9320;5865;3413;42;2388;14867
18861234;org.apache.commons.math3.distribution.UniformRealDistributionTest$null;46;40;1;64;379;9321;5865;3413;43;2387;14931
18870943;org.apache.commons.math3.distribution.WeibullDistributionTest$null;308;127;0;66;382;9321;5865;3413;43;2387;14997
18872006;org.apache.commons.math3.distribution.ZipfDistributionTest$null;53;51;0;17;26;9321;5865;3413;43;2387;15014
18873990;org.apache.commons.math3.distribution.fitting.MultivariateNormalMixtureExpectationMaximizationTest$null;116;101;11;22;27;9332;5868;3421;43;2376;15036
18874008;org.apache.commons.math3.exception.DimensionMismatchExceptionTest$null;6;4;0;3;3;9332;5868;3421;43;2376;15039
18874033;org.apache.commons.math3.exception.MaxCountExceededExceptionTest$null;6;4;0;4;4;9332;5868;3421;43;2376;15043
18874117;org.apache.commons.math3.exception.NonMonotonicSequenceExceptionTest$null;5;4;1;11;11;9333;5869;3421;43;2375;15054
18874152;org.apache.commons.math3.exception.NotPositiveExceptionTest$null;6;5;3;6;6;9336;5872;3421;43;2372;15060
18874196;org.apache.commons.math3.exception.NotStrictlyPositiveExceptionTest$null;5;5;3;6;6;9339;5875;3421;43;2369;15066
18874227;org.apache.commons.math3.exception.NumberIsTooLargeExceptionTest$null;6;4;0;3;3;9339;5875;3421;43;2369;15069
18874260;org.apache.commons.math3.exception.NumberIsTooSmallExceptionTest$null;5;4;0;3;3;9339;5875;3421;43;2369;15072
18874294;org.apache.commons.math3.exception.OutOfRangeExceptionTest$null;6;4;0;3;3;9339;5875;3421;43;2369;15075
18874518;org.apache.commons.math3.exception.TooManyEvaluationsExceptionTest$null;6;6;7;17;17;9346;5879;3424;43;2362;15092
18874518;org.apache.commons.math3.exception.util.ArgUtilsTest$null;1;1;0;0;0;9346;5879;3424;43;2362;15092
18874965;org.apache.commons.math3.exception.util.ExceptionContextTest$null;9;16;44;51;57;9390;5887;3460;43;2318;15143
18874982;org.apache.commons.math3.exception.util.LocalizedFormatsTest$null;37;80;0;0;0;9390;5887;3460;43;2318;15143
18875013;org.apache.commons.math3.filter.KalmanFilterTest$null;31;28;0;1;3;9390;5887;3460;43;2318;15144
18875723;org.apache.commons.math3.fitting.CurveFitterTest$null;30;28;3;22;44;9393;5888;3462;43;2315;15166
18879032;org.apache.commons.math3.fitting.GaussianFitterTest$null;208;115;1;25;162;9394;5888;3463;43;2314;15191
18880875;org.apache.commons.math3.fitting.HarmonicFitterTest$null;100;84;2;24;104;9396;5888;3465;43;2312;15215
18943399;org.apache.commons.math3.fitting.PolynomialFitterTest$null;8900;865;3;32;121;9399;5888;3468;43;2309;15247
18943400;org.apache.commons.math3.fraction.BigFractionFieldTest$null;8;8;0;0;0;9399;5888;3468;43;2309;15247
18943417;org.apache.commons.math3.fraction.BigFractionFormatTest$null;13;12;0;1;3;9399;5888;3468;43;2309;15248
18943509;org.apache.commons.math3.fraction.BigFractionTest$null;16;18;0;5;7;9399;5888;3468;43;2309;15253
18943509;org.apache.commons.math3.fraction.FractionFieldTest$null;7;7;0;0;0;9399;5888;3468;43;2309;15253
18943534;org.apache.commons.math3.fraction.FractionFormatTest$null;14;15;0;1;3;9399;5888;3468;43;2309;15254
18943589;org.apache.commons.math3.fraction.FractionTest$null;13;14;0;4;6;9399;5888;3468;43;2309;15258
18943597;org.apache.commons.math3.genetics.BinaryChromosomeTest$null;7;6;0;1;3;9399;5888;3468;43;2309;15259
18943598;org.apache.commons.math3.genetics.BinaryMutationTest$null;3;2;0;0;0;9399;5888;3468;43;2309;15259
18943598;org.apache.commons.math3.genetics.ChromosomeTest$null;4;3;0;0;0;9399;5888;3468;43;2309;15259
18943616;org.apache.commons.math3.genetics.CycleCrossoverTest$null;9;8;0;1;3;9399;5888;3468;43;2309;15260
18943637;org.apache.commons.math3.genetics.ElitisticListPopulationTest$null;9;8;0;1;3;9399;5888;3468;43;2309;15261
18943637;org.apache.commons.math3.genetics.FitnessCachingTest$null;14;18;0;0;0;9399;5888;3468;43;2309;15261
18943637;org.apache.commons.math3.genetics.FixedElapsedTimeTest$null;3012;3010;0;0;0;9399;5888;3468;43;2309;15261
18943638;org.apache.commons.math3.genetics.FixedGenerationCountTest$null;5;3;0;0;0;9399;5888;3468;43;2309;15261
18943638;org.apache.commons.math3.genetics.GeneticAlgorithmTestBinary$null;56;60;0;0;0;9399;5888;3468;43;2309;15261
18943638;org.apache.commons.math3.genetics.GeneticAlgorithmTestPermutations$null;114;112;0;0;0;9399;5888;3468;43;2309;15261
18943696;org.apache.commons.math3.genetics.ListPopulationTest$null;11;7;0;4;6;9399;5888;3468;43;2309;15265
18943705;org.apache.commons.math3.genetics.NPointCrossoverTest$null;8;10;0;1;3;9399;5888;3468;43;2309;15266
18943706;org.apache.commons.math3.genetics.OnePointCrossoverTest$null;4;3;0;0;0;9399;5888;3468;43;2309;15266
18943726;org.apache.commons.math3.genetics.OrderedCrossoverTest$null;10;8;0;1;3;9399;5888;3468;43;2309;15267
18943726;org.apache.commons.math3.genetics.RandomKeyMutationTest$null;4;2;0;0;0;9399;5888;3468;43;2309;15267
18943746;org.apache.commons.math3.genetics.RandomKeyTest$null;9;8;0;1;3;9399;5888;3468;43;2309;15268
18943746;org.apache.commons.math3.genetics.TournamentSelectionTest$null;4;3;0;0;0;9399;5888;3468;43;2309;15268
18943817;org.apache.commons.math3.genetics.UniformCrossoverTest$null;62;61;0;1;3;9399;5888;3468;43;2309;15269
18943817;org.apache.commons.math3.geometry.euclidean.oned.IntervalTest$null;9;9;0;0;0;9399;5888;3468;43;2309;15269
18943817;org.apache.commons.math3.geometry.euclidean.oned.IntervalsSetTest$null;15;14;0;0;0;9399;5888;3468;43;2309;15269
19413058;org.apache.commons.math3.geometry.euclidean.threed.FieldRotationDSTest$null;185333;2431;20;191;1566;9419;5908;3468;43;2289;15460
19446967;org.apache.commons.math3.geometry.euclidean.threed.FieldRotationDfpTest$null;1447;1415;0;23;41;9419;5908;3468;43;2289;15483
19554665;org.apache.commons.math3.geometry.euclidean.threed.FieldVector3DTest$null;5529;356;34;311;1993;9453;5942;3468;43;2255;15794
19554665;org.apache.commons.math3.geometry.euclidean.threed.FrenchVector3DFormatTest$null;9;7;0;0;0;9453;5942;3468;43;2255;15794
19554862;org.apache.commons.math3.geometry.euclidean.threed.LineTest$null;19;11;0;15;448;9453;5942;3468;43;2255;15809
19555081;org.apache.commons.math3.geometry.euclidean.threed.PlaneTest$null;18;12;0;15;448;9453;5942;3468;43;2255;15824
19558069;org.apache.commons.math3.geometry.euclidean.threed.PolyhedronsSetTest$null;643;186;0;15;448;9453;5942;3468;43;2255;15839
19558070;org.apache.commons.math3.geometry.euclidean.threed.RotationOrderTest$null;3;3;0;0;0;9453;5942;3468;43;2255;15839
19561126;org.apache.commons.math3.geometry.euclidean.threed.RotationTest$null;179;161;0;18;453;9453;5942;3468;43;2255;15857
19609391;org.apache.commons.math3.geometry.euclidean.threed.SphericalCoordinatesTest$null;21010;638;0;69;795;9453;5942;3468;43;2255;15926
19609888;org.apache.commons.math3.geometry.euclidean.threed.SubLineTest$null;23;17;10;27;460;9463;5952;3468;43;2245;15953
19609889;org.apache.commons.math3.geometry.euclidean.threed.Vector3DFormatTest$null;8;5;0;0;0;9463;5952;3468;43;2245;15953
19626918;org.apache.commons.math3.geometry.euclidean.threed.Vector3DTest$null;601;129;0;128;826;9463;5952;3468;43;2245;16081
19626919;org.apache.commons.math3.geometry.euclidean.twod.LineTest$null;8;7;0;0;0;9463;5952;3468;43;2245;16081
19626919;org.apache.commons.math3.geometry.euclidean.twod.PolygonsSetTest$null;105;103;0;0;0;9463;5952;3468;43;2245;16081
19626919;org.apache.commons.math3.geometry.euclidean.twod.SegmentTest$null;6;5;0;0;0;9463;5952;3468;43;2245;16081
19626920;org.apache.commons.math3.geometry.euclidean.twod.SubLineTest$null;13;12;0;0;0;9463;5952;3468;43;2245;16081
19626920;org.apache.commons.math3.geometry.partitioning.utilities.AVLTreeTest$null;3;2;0;0;0;9463;5952;3468;43;2245;16081
19627187;org.apache.commons.math3.linear.Array2DRowRealMatrixTest$null;41;37;0;5;7;9463;5952;3468;43;2245;16086
19627391;org.apache.commons.math3.linear.ArrayFieldVectorTest$null;25;22;0;8;17;9463;5952;3468;43;2245;16094
19642360;org.apache.commons.math3.linear.ArrayRealVectorTest$null;118;78;109;170;187;9572;6017;3511;44;2136;16264
19642360;org.apache.commons.math3.linear.BiDiagonalTransformerTest$null;14;13;0;0;0;9572;6017;3511;44;2136;16264
19643684;org.apache.commons.math3.linear.BlockFieldMatrixTest$null;299;298;3;8;17;9575;6017;3514;44;2133;16272
19643834;org.apache.commons.math3.linear.BlockRealMatrixTest$null;152;156;0;1;3;9575;6017;3514;44;2133;16273
19643853;org.apache.commons.math3.linear.CholeskyDecompositionTest$null;18;17;0;1;3;9575;6017;3514;44;2133;16274
19644019;org.apache.commons.math3.linear.CholeskySolverTest$null;20;18;4;8;20;9579;6019;3516;44;2129;16282
19645347;org.apache.commons.math3.linear.ConjugateGradientTest$null;96;78;5;15;25;9584;6021;3519;44;2124;16297
19645373;org.apache.commons.math3.linear.DiagonalMatrixTest$null;22;16;0;1;3;9584;6021;3519;44;2124;16298
19645550;org.apache.commons.math3.linear.EigenDecompositionTest$null;167;188;0;1;3;9584;6021;3519;44;2124;16299
19645654;org.apache.commons.math3.linear.EigenSolverTest$null;24;22;0;4;28;9584;6021;3519;44;2124;16303
19645811;org.apache.commons.math3.linear.FieldLUDecompositionTest$null;34;35;0;4;14;9584;6021;3519;44;2124;16307
19645900;org.apache.commons.math3.linear.FieldLUSolverTest$null;28;20;0;4;15;9584;6021;3519;44;2124;16311
19646239;org.apache.commons.math3.linear.FieldMatrixImplTest$null;58;52;0;5;19;9584;6021;3519;44;2124;16316
19646266;org.apache.commons.math3.linear.FrenchRealVectorFormatTest$null;16;13;0;1;3;9584;6021;3519;44;2124;16317
19646372;org.apache.commons.math3.linear.HessenbergTransformerTest$null;96;95;0;1;3;9584;6021;3519;44;2124;16318
19646403;org.apache.commons.math3.linear.LUDecompositionTest$null;24;22;0;1;3;9584;6021;3519;44;2124;16319
19646480;org.apache.commons.math3.linear.LUSolverTest$null;19;18;0;3;15;9584;6021;3519;44;2124;16322
19646572;org.apache.commons.math3.linear.MatrixDimensionMismatchExceptionTest$null;5;4;8;9;11;9592;6025;3523;44;2116;16331
19646703;org.apache.commons.math3.linear.MatrixUtilsTest$null;34;30;0;4;17;9592;6025;3523;44;2116;16335
19646713;org.apache.commons.math3.linear.OpenMapRealMatrixTest$null;10;9;0;1;3;9592;6025;3523;44;2116;16336
19646785;org.apache.commons.math3.linear.QRDecompositionTest$null;60;60;0;1;3;9592;6025;3523;44;2116;16337
19647110;org.apache.commons.math3.linear.QRSolverTest$null;75;69;0;4;20;9592;6025;3523;44;2116;16341
19647190;org.apache.commons.math3.linear.RRQRDecompositionTest$null;81;76;0;1;3;9592;6025;3523;44;2116;16342
19647588;org.apache.commons.math3.linear.RRQRSolverTest$null;85;87;0;4;20;9592;6025;3523;44;2116;16346
19647607;org.apache.commons.math3.linear.RealMatrixFormatTest$null;20;17;0;1;3;9592;6025;3523;44;2116;16347
19647622;org.apache.commons.math3.linear.RealVectorFormatTest$null;15;12;0;1;3;9592;6025;3523;44;2116;16348
19677276;org.apache.commons.math3.linear.RealVectorTest$null;527;92;147;237;375;9739;6140;3550;49;1969;16585
19677276;org.apache.commons.math3.linear.RectangularCholeskyDecompositionTest$null;13;12;0;0;0;9739;6140;3550;49;1969;16585
19677453;org.apache.commons.math3.linear.SchurTransformerTest$null;157;160;0;1;3;9739;6140;3550;49;1969;16586
19677453;org.apache.commons.math3.linear.SingularValueDecompositionTest$null;247;584;0;0;0;9739;6140;3550;49;1969;16586
19677494;org.apache.commons.math3.linear.SingularValueSolverTest$null;22;19;0;2;15;9739;6140;3550;49;1969;16588
19677727;org.apache.commons.math3.linear.SparseFieldMatrixTest$null;33;27;0;7;18;9739;6140;3550;49;1969;16595
19677749;org.apache.commons.math3.linear.SparseFieldVectorTest$null;23;19;0;1;4;9739;6140;3550;49;1969;16596
19677778;org.apache.commons.math3.linear.SparseRealMatrixTest$null;31;26;0;1;6;9739;6140;3550;49;1969;16597
19688169;org.apache.commons.math3.linear.SparseRealVectorTest$null;504;156;3;78;307;9742;6143;3550;49;1966;16675
19689152;org.apache.commons.math3.linear.SymmLQTest$null;110;106;0;8;21;9742;6143;3550;49;1966;16683
19689174;org.apache.commons.math3.linear.TriDiagonalTransformerTest$null;18;16;0;1;3;9742;6143;3550;49;1966;16684
19691468;org.apache.commons.math3.linear.UnmodifiableArrayRealVectorTest$null;47;51;4;35;122;9746;6144;3553;49;1962;16719
19694535;org.apache.commons.math3.linear.UnmodifiableOpenMapRealVectorTest$null;284;97;0;28;158;9746;6144;3553;49;1962;16747
19694894;org.apache.commons.math3.ml.clustering.DBSCANClustererTest$null;24;18;14;17;22;9760;6156;3555;49;1948;16764
19695062;org.apache.commons.math3.ml.clustering.KMeansPlusPlusClustererTest$null;177;49;1;3;19;9761;6157;3555;49;1947;16767
19695079;org.apache.commons.math3.ml.clustering.MultiKMeansPlusPlusClustererTest$null;16;14;0;1;16;9761;6157;3555;49;1947;16768
19695079;org.apache.commons.math3.ml.distance.CanberraDistanceTest$null;3;2;0;0;0;9761;6157;3555;49;1947;16768
19695197;org.apache.commons.math3.ml.distance.ChebyshevDistanceTest$null;9;8;8;11;11;9769;6163;3557;49;1939;16779
19695213;org.apache.commons.math3.ml.distance.EuclideanDistanceTest$null;8;7;0;1;16;9769;6163;3557;49;1939;16780
19695330;org.apache.commons.math3.ml.distance.ManhattanDistanceTest$null;8;7;11;12;12;9780;6172;3559;49;1928;16792
19695789;org.apache.commons.math3.ode.ContinuousOutputModelTest$null;78;74;0;6;13;9780;6172;3559;49;1928;16798
19696151;org.apache.commons.math3.ode.FirstOrderConverterTest$null;94;93;0;5;10;9780;6172;3559;49;1928;16803
19698224;org.apache.commons.math3.ode.JacobianMatricesTest$null;536;392;0;5;10;9780;6172;3559;49;1928;16808
19698730;org.apache.commons.math3.ode.events.EventFilterTest$null;101;83;0;5;10;9780;6172;3559;49;1928;16813
19698871;org.apache.commons.math3.ode.events.EventStateTest$null;22;19;0;5;10;9780;6172;3559;49;1928;16818
19699052;org.apache.commons.math3.ode.events.OverlappingEventsTest$null;34;30;0;5;10;9780;6172;3559;49;1928;16823
19699160;org.apache.commons.math3.ode.events.ReappearingEventTest$null;21;17;0;5;10;9780;6172;3559;49;1928;16828
19700983;org.apache.commons.math3.ode.nonstiff.AdamsBashforthIntegratorTest$null;111;105;5;16;34;9785;6177;3559;49;1923;16844
19702499;org.apache.commons.math3.ode.nonstiff.AdamsMoultonIntegratorTest$null;118;106;0;11;34;9785;6177;3559;49;1923;16855
19703861;org.apache.commons.math3.ode.nonstiff.ClassicalRungeKuttaIntegratorTest$null;157;156;0;6;13;9785;6177;3559;49;1923;16861
19704630;org.apache.commons.math3.ode.nonstiff.ClassicalRungeKuttaStepInterpolatorTest$null;126;188;0;5;10;9785;6177;3559;49;1923;16866
19705345;org.apache.commons.math3.ode.nonstiff.DormandPrince54IntegratorTest$null;110;105;0;6;13;9785;6177;3559;49;1923;16872
19705793;org.apache.commons.math3.ode.nonstiff.DormandPrince54StepInterpolatorTest$null;94;96;0;5;10;9785;6177;3559;49;1923;16877
19706390;org.apache.commons.math3.ode.nonstiff.DormandPrince853IntegratorTest$null;94;88;0;6;13;9785;6177;3559;49;1923;16883
19706865;org.apache.commons.math3.ode.nonstiff.DormandPrince853StepInterpolatorTest$null;73;71;0;5;10;9785;6177;3559;49;1923;16888
19707579;org.apache.commons.math3.ode.nonstiff.EulerIntegratorTest$null;103;113;0;6;13;9785;6177;3559;49;1923;16894
19707850;org.apache.commons.math3.ode.nonstiff.EulerStepInterpolatorTest$null;49;54;0;5;10;9785;6177;3559;49;1923;16899
19709129;org.apache.commons.math3.ode.nonstiff.GillIntegratorTest$null;161;154;0;6;13;9785;6177;3559;49;1923;16905
19709715;org.apache.commons.math3.ode.nonstiff.GillStepInterpolatorTest$null;121;126;0;5;10;9785;6177;3559;49;1923;16910
19710876;org.apache.commons.math3.ode.nonstiff.GraggBulirschStoerIntegratorTest$null;195;184;0;6;13;9785;6177;3559;49;1923;16916
19711348;org.apache.commons.math3.ode.nonstiff.GraggBulirschStoerStepInterpolatorTest$null;92;90;0;5;10;9785;6177;3559;49;1923;16921
19712381;org.apache.commons.math3.ode.nonstiff.HighamHall54IntegratorTest$null;119;118;0;8;17;9785;6177;3559;49;1923;16929
19712887;org.apache.commons.math3.ode.nonstiff.HighamHall54StepInterpolatorTest$null;109;94;0;5;10;9785;6177;3559;49;1923;16934
19713961;org.apache.commons.math3.ode.nonstiff.MidpointIntegratorTest$null;146;134;0;6;13;9785;6177;3559;49;1923;16940
19714234;org.apache.commons.math3.ode.nonstiff.MidpointStepInterpolatorTest$null;56;52;0;5;10;9785;6177;3559;49;1923;16945
19715604;org.apache.commons.math3.ode.nonstiff.ThreeEighthesIntegratorTest$null;166;155;0;6;13;9785;6177;3559;49;1923;16951
19716293;org.apache.commons.math3.ode.nonstiff.ThreeEighthesStepInterpolatorTest$null;126;134;0;5;10;9785;6177;3559;49;1923;16956
19716293;org.apache.commons.math3.ode.sampling.DummyStepInterpolatorTest$null;7;4;0;0;0;9785;6177;3559;49;1923;16956
19717180;org.apache.commons.math3.ode.sampling.NordsieckStepInterpolatorTest$null;86;85;0;9;28;9785;6177;3559;49;1923;16965
19717321;org.apache.commons.math3.ode.sampling.StepNormalizerOutputOverlapTest$null;27;22;0;5;10;9785;6177;3559;49;1923;16970
19717476;org.apache.commons.math3.ode.sampling.StepNormalizerOutputTest$null;26;23;0;5;10;9785;6177;3559;49;1923;16975
19717674;org.apache.commons.math3.ode.sampling.StepNormalizerTest$null;34;30;0;5;10;9785;6177;3559;49;1923;16980
19717674;org.apache.commons.math3.optim.PointValuePairTest$null;4;2;0;0;0;9785;6177;3559;49;1923;16980
19717689;org.apache.commons.math3.optim.PointVectorValuePairTest$null;2;2;0;5;5;9785;6177;3559;49;1923;16985
19717697;org.apache.commons.math3.optim.SimplePointCheckerTest$null;9;6;0;1;6;9785;6177;3559;49;1923;16986
19717707;org.apache.commons.math3.optim.SimpleValueCheckerTest$null;8;6;0;1;6;9785;6177;3559;49;1923;16987
19717749;org.apache.commons.math3.optim.SimpleVectorValueCheckerTest$null;8;7;0;4;9;9785;6177;3559;49;1923;16991
19718822;org.apache.commons.math3.optim.linear.SimplexSolverTest$null;94;92;1;11;21;9786;6177;3560;49;1922;17002
19718822;org.apache.commons.math3.optim.linear.SimplexTableauTest$null;28;19;0;0;0;9786;6177;3560;49;1922;17002
19719143;org.apache.commons.math3.optim.nonlinear.scalar.MultiStartMultivariateOptimizerTest$null;28;25;2;11;26;9788;6179;3560;49;1920;17013
19719530;org.apache.commons.math3.optim.nonlinear.scalar.MultivariateFunctionMappingAdapterTest$null;22;21;2;9;65;9790;6180;3560;50;1918;17022
19719652;org.apache.commons.math3.optim.nonlinear.scalar.MultivariateFunctionPenaltyAdapterTest$null;20;18;0;6;24;9790;6180;3560;50;1918;17028
19720718;org.apache.commons.math3.optim.nonlinear.scalar.gradient.NonLinearConjugateGradientOptimizerTest$null;31;29;8;31;51;9798;6180;3568;50;1910;17059
19786698;org.apache.commons.math3.optim.nonlinear.scalar.noderiv.CMAESOptimizerTest$null;3225;3204;10;28;59;9808;6186;3572;50;1900;17087
19787203;org.apache.commons.math3.optim.nonlinear.scalar.noderiv.PowellOptimizerTest$null;24;21;0;19;90;9808;6186;3572;50;1900;17106
19787703;org.apache.commons.math3.optim.nonlinear.scalar.noderiv.SimplexOptimizerMultiDirectionalTest$null;31;27;0;16;49;9808;6186;3572;50;1900;17122
19788344;org.apache.commons.math3.optim.nonlinear.scalar.noderiv.SimplexOptimizerNelderMeadTest$null;27;23;0;18;53;9808;6186;3572;50;1900;17140
19789174;org.apache.commons.math3.optim.nonlinear.vector.MultiStartMultivariateVectorOptimizerTest$null;32;27;0;25;62;9808;6186;3572;50;1900;17165
19789664;org.apache.commons.math3.optim.nonlinear.vector.jacobian.AbstractLeastSquaresOptimizerTest$null;35;34;1;13;36;9809;6186;3573;50;1899;17178
19792221;org.apache.commons.math3.optim.nonlinear.vector.jacobian.GaussNewtonOptimizerTest$null;88;90;2;26;70;9811;6186;3575;50;1897;17204
19795516;org.apache.commons.math3.optim.nonlinear.vector.jacobian.LevenbergMarquardtOptimizerTest$null;115;121;0;24;70;9811;6186;3575;50;1897;17228
19797714;org.apache.commons.math3.optim.nonlinear.vector.jacobian.MinpackTest$null;237;218;0;11;39;9811;6186;3575;50;1897;17239
19797738;org.apache.commons.math3.optim.univariate.BracketFinderTest$null;5;3;0;5;10;9811;6186;3575;50;1897;17244
19798624;org.apache.commons.math3.optim.univariate.BrentOptimizerTest$null;42;38;0;21;100;9811;6186;3575;50;1897;17265
19798726;org.apache.commons.math3.optim.univariate.MultiStartUnivariateOptimizerTest$null;16;13;0;6;18;9811;6186;3575;50;1897;17271
19798734;org.apache.commons.math3.optim.univariate.SimpleUnivariateValueCheckerTest$null;8;6;0;1;6;9811;6186;3575;50;1897;17272
19807234;org.apache.commons.math3.optimization.MultivariateDifferentiableMultiStartOptimizerTest$null;537;108;0;63;697;9811;6186;3575;50;1897;17335
19813132;org.apache.commons.math3.optimization.MultivariateDifferentiableVectorMultiStartOptimizerTest$null;42;39;61;135;608;9872;6192;3630;50;1836;17470
19813209;org.apache.commons.math3.optimization.MultivariateMultiStartOptimizerTest$null;16;13;0;5;10;9872;6192;3630;50;1836;17475
19813210;org.apache.commons.math3.optimization.PointValuePairTest$null;3;2;0;0;0;9872;6192;3630;50;1836;17475
19813210;org.apache.commons.math3.optimization.PointVectorValuePairTest$null;3;1;0;0;0;9872;6192;3630;50;1836;17475
19813223;org.apache.commons.math3.optimization.SimplePointCheckerTest$null;8;7;0;1;6;9872;6192;3630;50;1836;17476
19813234;org.apache.commons.math3.optimization.SimpleValueCheckerTest$null;9;7;0;1;6;9872;6192;3630;50;1836;17477
19813244;org.apache.commons.math3.optimization.SimpleVectorValueCheckerTest$null;9;7;0;1;6;9872;6192;3630;50;1836;17478
19832348;org.apache.commons.math3.optimization.direct.CMAESOptimizerTest$null;3140;3051;0;6;21;9872;6192;3630;50;1836;17484
19832504;org.apache.commons.math3.optimization.direct.MultivariateFunctionMappingAdapterTest$null;22;18;0;6;51;9872;6192;3630;50;1836;17490
19832611;org.apache.commons.math3.optimization.direct.MultivariateFunctionPenaltyAdapterTest$null;18;16;0;5;10;9872;6192;3630;50;1836;17495
19832739;org.apache.commons.math3.optimization.direct.PowellOptimizerTest$null;21;16;0;6;49;9872;6192;3630;50;1836;17501
19832874;org.apache.commons.math3.optimization.direct.SimplexOptimizerMultiDirectionalTest$null;24;22;0;5;10;9872;6192;3630;50;1836;17506
19833059;org.apache.commons.math3.optimization.direct.SimplexOptimizerNelderMeadTest$null;25;21;0;7;16;9872;6192;3630;50;1836;17513
19836825;org.apache.commons.math3.optimization.fitting.CurveFitterTest$null;60;41;5;72;574;9877;6192;3635;50;1831;17585
19850990;org.apache.commons.math3.optimization.fitting.GaussianFitterTest$null;2263;184;1;68;680;9878;6193;3635;50;1830;17653
19860463;org.apache.commons.math3.optimization.fitting.HarmonicFitterTest$null;972;141;0;65;625;9878;6193;3635;50;1830;17718
20702529;org.apache.commons.math3.optimization.fitting.PolynomialFitterTest$null;1166993;10264;0;79;651;9878;6193;3635;50;1830;17797
20708198;org.apache.commons.math3.optimization.general.AbstractLeastSquaresOptimizerTest$null;126;63;0;83;755;9878;6193;3635;50;1830;17880
20742511;org.apache.commons.math3.optimization.general.GaussNewtonOptimizerTest$null;5415;326;0;93;863;9878;6193;3635;50;1830;17973
20767726;org.apache.commons.math3.optimization.general.LevenbergMarquardtOptimizerTest$null;2877;230;0;93;883;9878;6193;3635;50;1830;18066
20861649;org.apache.commons.math3.optimization.general.MinpackTest$null;56481;922;1;96;937;9879;6194;3635;50;1829;18162
20868692;org.apache.commons.math3.optimization.general.NonLinearConjugateGradientOptimizerTest$null;355;91;0;67;715;9879;6194;3635;50;1829;18229
20868764;org.apache.commons.math3.optimization.linear.SimplexSolverTest$null;75;74;0;1;3;9879;6194;3635;50;1829;18230
20868765;org.apache.commons.math3.optimization.linear.SimplexTableauTest$null;21;19;0;0;0;9879;6194;3635;50;1829;18230
20868787;org.apache.commons.math3.optimization.univariate.BracketFinderTest$null;4;3;0;5;10;9879;6194;3635;50;1829;18235
20869632;org.apache.commons.math3.optimization.univariate.BrentOptimizerTest$null;38;35;0;21;95;9879;6194;3635;50;1829;18256
20869643;org.apache.commons.math3.optimization.univariate.SimpleUnivariateValueCheckerTest$null;8;6;0;1;6;9879;6194;3635;50;1829;18257
20869694;org.apache.commons.math3.optimization.univariate.UnivariateMultiStartOptimizerTest$null;10;8;0;5;10;9879;6194;3635;50;1829;18262
20869781;org.apache.commons.math3.primes.PrimesTest$null;31;30;0;3;14;9879;6194;3635;50;1829;18265
20914480;org.apache.commons.math3.random.AbstractRandomGeneratorTest$null;2278;2267;0;20;39;9879;6194;3635;50;1829;18285
20957579;org.apache.commons.math3.random.BitsStreamGeneratorTest$null;2180;2128;0;20;39;9879;6194;3635;50;1829;18305
20957580;org.apache.commons.math3.random.CorrelatedRandomVectorGeneratorTest$null;57;51;0;0;0;9879;6194;3635;50;1829;18305
21059941;org.apache.commons.math3.random.EmpiricalDistributionTest$null;3033;1698;0;62;380;9879;6194;3635;50;1829;18367
21059942;org.apache.commons.math3.random.GaussianRandomGeneratorTest$null;11;9;0;0;0;9879;6194;3635;50;1829;18367
21106583;org.apache.commons.math3.random.ISAACTest$null;2154;2111;0;20;39;9879;6194;3635;50;1829;18387
21149952;org.apache.commons.math3.random.MersenneTwisterTest$null;2023;1942;0;20;39;9879;6194;3635;50;1829;18407
21149952;org.apache.commons.math3.random.RandomAdaptorTest$null;3;0;0;0;0;9879;6194;3635;50;1829;18407
21189690;org.apache.commons.math3.random.RandomDataGeneratorTest$null;1768;1823;0;20;36;9879;6194;3635;50;1829;18427
21189812;org.apache.commons.math3.random.StableRandomGeneratorTest$null;113;102;0;1;3;9879;6194;3635;50;1829;18428
21189812;org.apache.commons.math3.random.SynchronizedRandomGeneratorTest$null;1885;1937;0;0;0;9879;6194;3635;50;1829;18428
21189812;org.apache.commons.math3.random.UncorrelatedRandomVectorGeneratorTest$null;30;30;0;0;0;9879;6194;3635;50;1829;18428
21189813;org.apache.commons.math3.random.UniformRandomGeneratorTest$null;13;10;0;0;0;9879;6194;3635;50;1829;18428
21191223;org.apache.commons.math3.random.UnitSphereRandomVectorGeneratorTest$null;1453;318;12;15;24;9891;6206;3635;50;1817;18443
21191775;org.apache.commons.math3.random.ValueServerTest$null;73;75;0;4;6;9891;6206;3635;50;1817;18447
21234739;org.apache.commons.math3.random.Well1024aTest$null;2149;2112;0;20;39;9891;6206;3635;50;1817;18467
21279627;org.apache.commons.math3.random.Well19937aTest$null;2268;2211;0;20;39;9891;6206;3635;50;1817;18487
21323795;org.apache.commons.math3.random.Well19937cTest$null;2229;2207;0;20;39;9891;6206;3635;50;1817;18507
21367966;org.apache.commons.math3.random.Well44497aTest$null;2216;2159;0;20;39;9891;6206;3635;50;1817;18527
21415792;org.apache.commons.math3.random.Well44497bTest$null;2443;2344;0;20;39;9891;6206;3635;50;1817;18547
21457722;org.apache.commons.math3.random.Well512aTest$null;2100;2058;0;20;39;9891;6206;3635;50;1817;18567
21457749;org.apache.commons.math3.special.BetaTest$null;22;18;0;1;3;9891;6206;3635;50;1817;18568
21457749;org.apache.commons.math3.special.ErfTest$null;48;46;0;0;0;9891;6206;3635;50;1817;18568
21457770;org.apache.commons.math3.special.GammaTest$null;19;16;0;1;3;9891;6206;3635;50;1817;18569
21457771;org.apache.commons.math3.stat.CertifiedDataTest$null;33;31;0;0;0;9891;6206;3635;50;1817;18569
21457788;org.apache.commons.math3.stat.FrequencyTest$null;10;10;0;1;3;9891;6206;3635;50;1817;18570
21457892;org.apache.commons.math3.stat.StatUtilsTest$null;32;21;0;4;6;9891;6206;3635;50;1817;18574
21458202;org.apache.commons.math3.stat.clustering.DBSCANClustererTest$null;23;17;6;18;38;9897;6210;3637;50;1811;18592
21458213;org.apache.commons.math3.stat.clustering.EuclideanDoublePointTest$null;10;9;0;1;16;9897;6210;3637;50;1811;18593
21458348;org.apache.commons.math3.stat.clustering.EuclideanIntegerPointTest$null;10;9;9;10;16;9906;6218;3638;50;1802;18603
21458568;org.apache.commons.math3.stat.clustering.KMeansPlusPlusClustererTest$null;1146;97;0;2;19;9906;6218;3638;50;1802;18605
21458593;org.apache.commons.math3.stat.correlation.CovarianceTest$null;24;23;0;1;6;9906;6218;3638;50;1802;18606
21458635;org.apache.commons.math3.stat.correlation.PearsonsCorrelationTest$null;40;39;0;1;3;9906;6218;3638;50;1802;18607
21458675;org.apache.commons.math3.stat.correlation.SpearmansRankCorrelationTest$null;33;30;0;1;3;9906;6218;3638;50;1802;18608
21458675;org.apache.commons.math3.stat.correlation.StorelessCovarianceTest$null;14;12;0;0;0;9906;6218;3638;50;1802;18608
21458675;org.apache.commons.math3.stat.data.LewTest$null;18;16;0;0;0;9906;6218;3638;50;1802;18608
21458676;org.apache.commons.math3.stat.data.LotteryTest$null;17;16;0;0;0;9906;6218;3638;50;1802;18608
21458715;org.apache.commons.math3.stat.descriptive.AbstractUnivariateStatisticTest$null;7;6;0;4;6;9906;6218;3638;50;1802;18612
21458715;org.apache.commons.math3.stat.descriptive.AggregateSummaryStatisticsTest$null;20;19;0;0;0;9906;6218;3638;50;1802;18612
21458745;org.apache.commons.math3.stat.descriptive.DescriptiveStatisticsTest$null;26;24;0;1;3;9906;6218;3638;50;1802;18613
21458745;org.apache.commons.math3.stat.descriptive.ListUnivariateImplTest$null;23;23;0;0;0;9906;6218;3638;50;1802;18613
21458746;org.apache.commons.math3.stat.descriptive.MixedListUnivariateImplTest$null;18;15;0;0;0;9906;6218;3638;50;1802;18613
21459416;org.apache.commons.math3.stat.descriptive.MultivariateSummaryStatisticsTest$null;36;35;4;18;20;9910;6220;3640;50;1798;18631
21459416;org.apache.commons.math3.stat.descriptive.StatisticalSummaryValuesTest$null;6;4;0;0;0;9910;6220;3640;50;1798;18631
21459444;org.apache.commons.math3.stat.descriptive.SummaryStatisticsTest$null;24;23;0;1;3;9910;6220;3640;50;1798;18632
21459502;org.apache.commons.math3.stat.descriptive.SynchronizedDescriptiveStatisticsTest$null;27;24;0;1;3;9910;6220;3640;50;1798;18633
21460037;org.apache.commons.math3.stat.descriptive.SynchronizedMultivariateSummaryStatisticsTest$null;37;36;0;14;20;9910;6220;3640;50;1798;18647
21460062;org.apache.commons.math3.stat.descriptive.SynchronizedSummaryStatisticsTest$null;25;23;0;1;3;9910;6220;3640;50;1798;18648
21460063;org.apache.commons.math3.stat.descriptive.moment.FirstMomentTest$null;9;7;0;0;0;9910;6220;3640;50;1798;18648
21460063;org.apache.commons.math3.stat.descriptive.moment.FourthMomentTest$null;10;8;0;0;0;9910;6220;3640;50;1798;18648
21460063;org.apache.commons.math3.stat.descriptive.moment.GeometricMeanTest$null;15;12;0;0;0;9910;6220;3640;50;1798;18648
21460064;org.apache.commons.math3.stat.descriptive.moment.InteractionTest$null;7;5;0;0;0;9910;6220;3640;50;1798;18648
21460064;org.apache.commons.math3.stat.descriptive.moment.KurtosisTest$null;17;14;0;0;0;9910;6220;3640;50;1798;18648
21460064;org.apache.commons.math3.stat.descriptive.moment.MeanTest$null;18;16;0;0;0;9910;6220;3640;50;1798;18648
21460064;org.apache.commons.math3.stat.descriptive.moment.SecondMomentTest$null;10;7;0;0;0;9910;6220;3640;50;1798;18648
21460079;org.apache.commons.math3.stat.descriptive.moment.SemiVarianceTest$null;12;11;0;1;3;9910;6220;3640;50;1798;18649
21460079;org.apache.commons.math3.stat.descriptive.moment.SkewnessTest$null;11;9;0;0;0;9910;6220;3640;50;1798;18649
21460079;org.apache.commons.math3.stat.descriptive.moment.StandardDeviationTest$null;12;9;0;0;0;9910;6220;3640;50;1798;18649
21460079;org.apache.commons.math3.stat.descriptive.moment.ThirdMomentTest$null;10;7;0;0;0;9910;6220;3640;50;1798;18649
21460308;org.apache.commons.math3.stat.descriptive.moment.VarianceTest$null;23;21;4;11;34;9914;6223;3641;50;1794;18660
21460324;org.apache.commons.math3.stat.descriptive.moment.VectorialCovarianceTest$null;16;13;0;1;3;9914;6223;3641;50;1794;18661
21460337;org.apache.commons.math3.stat.descriptive.moment.VectorialMeanTest$null;11;10;0;1;3;9914;6223;3641;50;1794;18662
21460337;org.apache.commons.math3.stat.descriptive.rank.MaxTest$null;9;6;0;0;0;9914;6223;3641;50;1794;18662
21460337;org.apache.commons.math3.stat.descriptive.rank.MedianTest$null;6;4;0;0;0;9914;6223;3641;50;1794;18662
21460338;org.apache.commons.math3.stat.descriptive.rank.MinTest$null;9;7;0;0;0;9914;6223;3641;50;1794;18662
21460350;org.apache.commons.math3.stat.descriptive.rank.PercentileTest$null;10;8;0;1;3;9914;6223;3641;50;1794;18663
21460350;org.apache.commons.math3.stat.descriptive.summary.ProductTest$null;19;16;0;0;0;9914;6223;3641;50;1794;18663
21460350;org.apache.commons.math3.stat.descriptive.summary.SumLogTest$null;13;11;0;0;0;9914;6223;3641;50;1794;18663
21460351;org.apache.commons.math3.stat.descriptive.summary.SumSqTest$null;10;6;0;0;0;9914;6223;3641;50;1794;18663
21460351;org.apache.commons.math3.stat.descriptive.summary.SumTest$null;9;7;0;0;0;9914;6223;3641;50;1794;18663
21461826;org.apache.commons.math3.stat.inference.ChiSquareTestTest$null;27;25;26;42;59;9940;6231;3659;50;1768;18705
21462028;org.apache.commons.math3.stat.inference.GTestTest$null;28;26;0;6;31;9940;6231;3659;50;1768;18711
21462057;org.apache.commons.math3.stat.inference.MannWhitneyUTestTest$null;21;25;0;1;3;9940;6231;3659;50;1768;18712
21462085;org.apache.commons.math3.stat.inference.OneWayAnovaTest$null;24;22;0;1;3;9940;6231;3659;50;1768;18713
21462122;org.apache.commons.math3.stat.inference.TTestTest$null;37;24;0;1;3;9940;6231;3659;50;1768;18714
21462764;org.apache.commons.math3.stat.inference.TestUtilsTest$null;43;50;0;14;57;9940;6231;3659;50;1768;18728
21462787;org.apache.commons.math3.stat.inference.WilcoxonSignedRankTestTest$null;27;22;0;1;3;9940;6231;3659;50;1768;18729
21462799;org.apache.commons.math3.stat.ranking.NaturalRankingTest$null;12;10;0;1;3;9940;6231;3659;50;1768;18730
21463083;org.apache.commons.math3.stat.regression.GLSMultipleLinearRegressionTest$null;267;267;0;1;3;9940;6231;3659;50;1768;18731
21463191;org.apache.commons.math3.stat.regression.MillerUpdatingRegressionTest$null;98;97;0;1;8;9940;6231;3659;50;1768;18732
21463242;org.apache.commons.math3.stat.regression.OLSMultipleLinearRegressionTest$null;39;34;0;1;3;9940;6231;3659;50;1768;18733
21463434;org.apache.commons.math3.stat.regression.SimpleRegressionTest$null;31;27;0;6;13;9940;6231;3659;50;1768;18739
21463982;org.apache.commons.math3.transform.FastCosineTransformerTest$null;43;53;2;11;75;9942;6233;3659;50;1766;18750
21464489;org.apache.commons.math3.transform.FastFourierTransformerTest$null;54;56;0;9;75;9942;6233;3659;50;1766;18759
21464499;org.apache.commons.math3.transform.FastHadamardTransformerTest$null;10;9;0;1;3;9942;6233;3659;50;1766;18760
21464928;org.apache.commons.math3.transform.FastSineTransformerTest$null;45;39;1;9;75;9943;6233;3660;50;1765;18769
21466661;org.apache.commons.math3.util.ArithmeticUtilsTest$null;259;255;1;8;22;9944;6234;3660;50;1764;18777
21466661;org.apache.commons.math3.util.BigRealFieldTest$null;4;3;0;0;0;9944;6234;3660;50;1764;18777
21466662;org.apache.commons.math3.util.BigRealTest$null;10;11;0;0;3;9944;6234;3660;50;1764;18777
21466662;org.apache.commons.math3.util.ContinuedFractionTest$null;5;3;0;0;0;9944;6234;3660;50;1764;18777
21475025;org.apache.commons.math3.util.Decimal64Test$null;79;50;0;146;982;9944;6234;3660;50;1764;18923
21475039;org.apache.commons.math3.util.DefaultTransformerTest$null;7;5;0;1;3;9944;6234;3660;50;1764;18924
21475039;org.apache.commons.math3.util.FastMathStrictComparisonTest$null;34;30;0;0;0;9944;6234;3660;50;1764;18924
21475039;org.apache.commons.math3.util.FastMathTest$null;5754;5897;0;0;0;9944;6234;3660;50;1764;18924
21475119;org.apache.commons.math3.util.IncrementorTest$null;7;5;6;11;25;9950;6239;3661;50;1758;18935
21511694;org.apache.commons.math3.util.MathArraysTest$null;554;109;183;391;1430;10133;6377;3706;50;1575;19326
21511717;org.apache.commons.math3.util.MathUtilsTest$null;23;21;0;1;4;10133;6377;3706;50;1575;19327
21511739;org.apache.commons.math3.util.MultidimensionalCounterTest$null;14;11;0;1;11;10133;6377;3706;50;1575;19328
21511740;org.apache.commons.math3.util.OpenIntToDoubleHashMapTest$null;48;52;0;0;0;10133;6377;3706;50;1575;19328
21511740;org.apache.commons.math3.util.OpenIntToFieldTest$null;32;28;0;0;0;10133;6377;3706;50;1575;19328
21511828;org.apache.commons.math3.util.PairTest$null;2;1;12;28;28;10145;6387;3708;50;1563;19356
21511855;org.apache.commons.math3.util.PrecisionTest$null;11;9;0;2;4;10145;6387;3708;50;1563;19358
21511961;org.apache.commons.math3.util.ResizableDoubleArrayTest$null;21;17;0;4;6;10145;6387;3708;50;1563;19362
21511961;org.apache.commons.math3.util.TransformerMapTest$null;4;3;0;0;0;10145;6387;3708;50;1563;19362
