CurrentTotalRuntime;Testname;RuntimeToGetCoverage;RuntimeOriginal;KilledByTest;AnalyzedByTest;CoveredByTest;TotalKilled;TotalFailure;TotalException;TotalTimeout;LiveMutants;TotalAnalyzed
103281;org.jdom2.TestIllegalAddExceptn$null;94;52;125;2838;2838;125;0;124;1;9539;2838
103282;org.jdom2.TestIllegalNameExceptn$null;5;5;0;0;0;125;0;124;1;9539;2838
103282;org.jdom2.TestIllegalTargetExceptn$null;5;4;0;0;0;125;0;124;1;9539;2838
305751;org.jdom2.TestStringBin$null;3082;335;254;320;320;379;124;232;23;9285;3158
359596;org.jdom2.input.sax.TestTextBuffer$null;46;20;34;2534;2573;413;140;250;23;9251;5692
462229;org.jdom2.test.cases.TestAttribute$null;56;47;137;2810;2897;550;211;313;26;9114;8502
779724;org.jdom2.test.cases.TestAttributeList$null;240;122;221;2855;3029;771;309;434;28;8893;11357
854238;org.jdom2.test.cases.TestBridgeMethods$null;41;30;4;2512;2664;775;309;438;28;8889;13869
928472;org.jdom2.test.cases.TestCDATA$null;47;25;35;2568;2695;810;326;456;28;8854;16437
1013289;org.jdom2.test.cases.TestComment$null;48;36;10;2557;2709;820;336;456;28;8844;18994
1247389;org.jdom2.test.cases.TestContentList$null;157;88;185;2764;2927;1005;457;511;37;8659;21758
1352986;org.jdom2.test.cases.TestDefaultJDOMFactory$null;56;37;98;2862;3198;1103;505;560;38;8561;24620
1428414;org.jdom2.test.cases.TestDescendantFilterIterator$null;47;25;35;2567;2772;1138;516;584;38;8526;27187
1510054;org.jdom2.test.cases.TestDescendantIterator$null;50;25;11;2535;2765;1149;521;590;38;8515;29722
1599869;org.jdom2.test.cases.TestDocType$null;52;37;57;2618;2814;1206;564;604;38;8458;32340
1763813;org.jdom2.test.cases.TestDocument$null;69;53;261;3168;3646;1467;707;712;48;8197;35508
2042105;org.jdom2.test.cases.TestElement$null;94;85;571;3674;4502;2038;1002;923;113;7626;39182
2344304;org.jdom2.test.cases.TestElementFilterList$null;279;91;168;2736;3032;2206;1088;1004;114;7458;41918
2415131;org.jdom2.test.cases.TestEntityRef$null;49;30;20;2517;2789;2226;1108;1004;114;7438;44435
2541176;org.jdom2.test.cases.TestFilterList$null;68;45;19;2672;3377;2245;1123;1008;114;7419;47107
2985211;org.jdom2.test.cases.TestFilterListElement$null;498;189;1;2580;3081;2246;1124;1008;114;7418;49687
3349164;org.jdom2.test.cases.TestFilterListText$null;368;156;1;2553;3021;2247;1124;1009;114;7417;52240
3349164;org.jdom2.test.cases.TestJDOMExceptn$null;4;4;0;0;0;2247;1124;1009;114;7417;52240
3399617;org.jdom2.test.cases.TestNamespace$null;31;14;28;2483;2643;2275;1146;1015;114;7389;54723
3481659;org.jdom2.test.cases.TestNamespaceAware$null;49;31;46;2551;2873;2321;1184;1023;114;7343;57274
3592385;org.jdom2.test.cases.TestProcessingInstruction$null;70;56;78;2592;2868;2399;1243;1040;116;7265;59866
3695037;org.jdom2.test.cases.TestSerialization$null;59;45;11;2599;3195;2410;1246;1043;121;7254;62465
3797942;org.jdom2.test.cases.TestSlimJDOMFactory$null;59;34;1;2653;3315;2411;1247;1043;121;7253;65118
3901479;org.jdom2.test.cases.TestSlimJDOMFactoryNoText$null;62;32;0;2652;3314;2411;1247;1043;121;7253;67770
3973496;org.jdom2.test.cases.TestText$null;44;29;8;2485;2796;2419;1252;1046;121;7245;70255
4067950;org.jdom2.test.cases.TestUncheckedJDOMFactory$null;54;40;18;2583;2947;2437;1259;1057;121;7227;72838
4138402;org.jdom2.test.cases.TestVerifier$null;49;28;1336;2705;3155;3773;2566;1086;121;5891;75543
4220071;org.jdom2.test.cases.TestVerifierCharacters$null;764;138;1059;1367;2792;4832;3625;1086;121;4832;76910
4220678;org.jdom2.test.cases.adapters.TestJAXPDOMAdapter$null;75;82;2;2;2;4834;3625;1087;122;4830;76912
4245699;org.jdom2.test.cases.filter.TestAtributeFilter$null;85;65;48;501;3076;4882;3659;1101;122;4782;77413
4320064;org.jdom2.test.cases.filter.TestContentFilter$null;270;227;99;571;3205;4981;3749;1110;122;4683;77984
4355306;org.jdom2.test.cases.filter.TestElementFilter$null;133;109;4;449;3094;4985;3752;1111;122;4679;78433
4374765;org.jdom2.test.cases.filter.TestFilters$null;82;44;9;427;3029;4994;3757;1115;122;4670;78860
4374972;org.jdom2.test.cases.filter.TestPassThroughFilter$null;17;7;4;6;6;4998;3758;1118;122;4666;78866
4374973;org.jdom2.test.cases.input.TestBuilderErrorHandler$null;6;2;0;0;0;4999;3758;1118;123;4665;78866
4739077;org.jdom2.test.cases.input.TestDOMBuilder$null;263;254;304;1573;4616;5303;4057;1118;128;4361;80439
4748411;org.jdom2.test.cases.input.TestDTDParser$null;54;25;88;412;2706;5391;4117;1146;128;4273;80851
4748441;org.jdom2.test.cases.input.TestJDOMParseExceptn$null;16;14;4;4;4;5395;4121;1146;128;4269;80855
4856836;org.jdom2.test.cases.input.TestSAXBuilder$null;177;174;79;717;3429;5474;4182;1163;129;4190;81572
5021160;org.jdom2.test.cases.input.TestSAXComplexSchema$null;213;222;2;863;3876;5476;4184;1163;129;4188;82435
5059072;org.jdom2.test.cases.input.TestSAXHandler$null;74;41;108;709;3651;5584;4258;1197;129;4080;83144
5238081;org.jdom2.test.cases.input.TestStAXEventBuilder$null;191;203;33;1197;4608;5617;4291;1197;129;4047;84341
5443856;org.jdom2.test.cases.input.TestStAXStreamBuilder$null;231;190;78;1269;4698;5695;4369;1197;129;3969;85610
5444011;org.jdom2.test.cases.input.sax.TestXMLReaderJAXPFactory$null;62;57;0;3;3;5695;4369;1197;129;3969;85613
5484514;org.jdom2.test.cases.input.sax.TestXMLReaderSAX2Factory$null;148;96;2;438;3019;5697;4370;1198;129;3967;86051
5575610;org.jdom2.test.cases.input.sax.TestXMLReaderSchemaFactory$null;193;178;6;514;3275;5703;4373;1201;129;3961;86565
5672430;org.jdom2.test.cases.input.sax.TestXMLReaderSingletons$null;196;190;3;537;3387;5706;4376;1201;129;3958;87102
5769588;org.jdom2.test.cases.input.sax.TestXMLReaderXSDFactory$null;206;210;21;518;3167;5727;4385;1213;129;3937;87620
5777066;org.jdom2.test.cases.jaxb.TestJDOMNamespaceContext$null;35;15;33;331;2647;5760;4413;1218;129;3904;87951
5806945;org.jdom2.test.cases.jaxb.TestJDOMStreamReader$null;60;39;65;639;3428;5825;4417;1278;130;3839;88590
5831933;org.jdom2.test.cases.jaxb.TestJDOMStreamWriter$null;53;48;85;671;3392;5910;4424;1355;131;3754;89261
5940991;org.jdom2.test.cases.located.TestLocatedJDOMFactory$null;164;149;39;718;3767;5949;4457;1361;131;3715;89979
6213729;org.jdom2.test.cases.output.TestDOMOutputter$null;325;214;458;1411;4703;6407;4811;1465;131;3257;91390
6271331;org.jdom2.test.cases.output.TestDOMOutputterXmlnsNamespaces$null;141;136;1;455;3125;6408;4811;1466;131;3256;91845
6282531;org.jdom2.test.cases.output.TestFormat$null;41;33;60;477;2870;6468;4859;1478;131;3196;92322
6473540;org.jdom2.test.cases.output.TestSAXOutputter$null;287;202;179;1170;4931;6647;4982;1534;131;3017;93492
6665326;org.jdom2.test.cases.output.TestStAXEventOutputter$null;236;203;154;1162;4962;6801;5092;1578;131;2863;94654
6760780;org.jdom2.test.cases.output.TestStAXReader2Builder$null;146;132;0;766;3968;6801;5092;1578;131;2863;95420
6932976;org.jdom2.test.cases.output.TestStAXStreamOutputter$null;222;192;153;1111;4775;6954;5229;1594;131;2710;96531
6945885;org.jdom2.test.cases.output.TestXMLOutputProcessor$null;50;18;38;447;2831;6992;5258;1603;131;2672;96978
7116242;org.jdom2.test.cases.output.TestXMLOutputter$null;271;200;87;974;4671;7079;5342;1606;131;2585;97952
7116381;org.jdom2.test.cases.serialize.TestSubclassSerializables$null;24;22;0;5;44;7079;5342;1606;131;2585;97957
7186209;org.jdom2.test.cases.special.TestIssue008ExpandEntity$null;148;153;1;567;3519;7080;5342;1607;131;2584;98524
7197620;org.jdom2.test.cases.transform.TestJDOMResult$null;52;22;36;398;2838;7116;5368;1617;131;2548;98922
7214324;org.jdom2.test.cases.transform.TestJDOMSource$null;57;40;16;401;2874;7132;5374;1627;131;2532;99323
7297201;org.jdom2.test.cases.transform.TestJDOMTransform$null;145;121;26;708;3921;7158;5390;1637;131;2506;100031
7297202;org.jdom2.test.cases.transform.TestXSLTransformExceptn$null;7;1;0;0;0;7158;5390;1637;131;2506;100031
7441698;org.jdom2.test.cases.transform.TestXSLTransformer$null;280;251;10;598;3625;7168;5397;1640;131;2496;100629
7441823;org.jdom2.test.cases.util.TestArrayCopy$null;10;5;17;24;55;7185;5401;1653;131;2479;100653
7459204;org.jdom2.test.cases.util.TestNamespaceStack$null;72;39;31;450;3217;7216;5430;1655;131;2448;101103
7459213;org.jdom2.test.cases.util.TestReflectionConstructor$null;7;7;0;1;10;7216;5430;1655;131;2448;101104
7766872;org.jdom2.test.cases.xpath.TestDefaultXPathHelper$null;739;567;112;701;3708;7328;5501;1694;133;2336;101805
7912875;org.jdom2.test.cases.xpath.TestJavaCompiled$null;357;300;69;550;3342;7397;5517;1747;133;2267;102355
7991403;org.jdom2.test.cases.xpath.TestJaxenCompiled$null;293;161;16;478;3197;7413;5526;1754;133;2251;102833
8272062;org.jdom2.test.cases.xpath.TestJaxenXPathHelper$null;657;483;0;579;3704;7413;5526;1754;133;2251;103412
8310453;org.jdom2.test.cases.xpath.TestLocalJaxenXPath$null;111;82;20;444;3049;7433;5543;1756;134;2231;103856
8326299;org.jdom2.test.cases.xpath.TestXPathBuilder$null;67;46;15;328;2705;7448;5556;1758;134;2216;104184
8341938;org.jdom2.test.cases.xpath.TestXPathFactory$null;75;51;0;301;2585;7448;5556;1758;134;2216;104485
8490966;org.jdom2.test.cases.xpath.TestXalanCompiled$null;397;330;0;473;3347;7448;5556;1758;134;2216;104958
8506945;org.jdom2.test.cases.xpath.TestXpath$null;59;46;0;318;2646;7448;5556;1758;134;2216;105276
