CurrentTotalRuntime;Testname;RuntimeToGetCoverage;RuntimeOriginal;KilledByTest;AnalyzedByTest;CoveredByTest;TotalKilled;TotalFailure;TotalException;TotalTimeout;LiveMutants;TotalAnalyzed
35569;org.jbehave.core.ConfigurableEmbedderBehaviour$null;161;247;25;111;111;25;6;16;3;2449;111
35569;org.jbehave.core.InjectableEmbedderBehaviour$null;134;132;0;0;0;25;6;16;3;2449;111
1019697;org.jbehave.core.configuration.AnnotationBuilderBehaviour$null;97;134;191;192;214;216;6;168;42;2258;303
1042964;org.jbehave.core.configuration.KeywordsBehaviour$null;9;2;33;34;40;250;6;188;56;2224;337
1043702;org.jbehave.core.configuration.ParanamerConfigurationBehaviour$null;29;49;0;1;103;251;6;188;57;2223;338
1044765;org.jbehave.core.configuration.PropertyBasedConfigurationBehaviour$null;28;36;2;2;104;253;6;188;59;2221;340
1046217;org.jbehave.core.configuration.UnmodifiableConfigurationBehaviour$null;43;50;3;2;104;256;6;189;61;2218;342
1449935;org.jbehave.core.embedder.EmbedderBehaviour$null;6939;6936;583;583;766;839;6;772;61;1635;925
1461851;org.jbehave.core.embedder.EmbedderClassLoaderBehaviour$null;56;53;15;15;118;854;6;775;73;1620;940
1481371;org.jbehave.core.embedder.EmbedderControlsBehaviour$null;28;26;38;39;65;892;6;776;110;1582;979
1499953;org.jbehave.core.embedder.EmbedderMonitorBehaviour$null;183;229;26;26;40;919;6;802;111;1555;1005
1522087;org.jbehave.core.embedder.MetaFilterBehaviour$null;597;610;31;31;51;950;6;833;111;1524;1036
1532183;org.jbehave.core.embedder.StoryMapperBehaviour$null;137;183;14;14;68;964;6;847;111;1510;1050
1706485;org.jbehave.core.embedder.StoryRunnerBehaviour$null;395;399;277;277;455;1241;6;1124;111;1233;1327
1706485;org.jbehave.core.embedder.executors.ExecutorsBehaviour$null;12;7;0;0;11;1241;6;1124;111;1233;1327
1706486;org.jbehave.core.failures.FailureStrategyBehaviour$null;6;2;0;0;0;1241;6;1124;111;1233;1327
1706486;org.jbehave.core.failures.StepFailureBehaviour$null;8;2;0;0;0;1241;6;1124;111;1233;1327
1706486;org.jbehave.core.i18n.LocalizedKeywordsBehaviour$null;64;40;0;0;102;1241;6;1124;111;1233;1327
1706936;org.jbehave.core.io.CodeLocationsBehaviour$null;15;10;1;2;6;1242;6;1124;112;1232;1329
1709353;org.jbehave.core.io.IOUtilsBehaviour$null;156;128;4;3;6;1246;6;1127;113;1228;1332
1709954;org.jbehave.core.io.LoadFromRelativeFileBehaviour$null;13;12;2;3;12;1248;6;1127;115;1226;1335
1723221;org.jbehave.core.io.RelativePathCalculatorBehaviour$null;8;4;32;32;32;1280;6;1127;147;1194;1367
1739918;org.jbehave.core.io.StoryFinderBehaviour$null;42;51;28;28;42;1308;6;1129;173;1166;1395
1742290;org.jbehave.core.io.StoryLoaderBehaviour$null;32;38;3;4;16;1312;6;1130;176;1162;1399
1745221;org.jbehave.core.io.StoryLocationBehaviour$null;29;29;4;5;12;1317;6;1131;180;1157;1404
1745222;org.jbehave.core.io.StoryNameResolverBehaviour$null;10;8;1;0;6;1318;6;1131;181;1156;1404
1745222;org.jbehave.core.io.StoryPathResolverBehaviour$null;10;11;0;0;30;1318;6;1131;181;1156;1404
1745222;org.jbehave.core.io.UnderscoredToCapitalizedBehaviour$null;19;7;0;0;6;1318;6;1131;181;1156;1404
1791954;org.jbehave.core.model.ExamplesTableBehaviour$null;88;80;80;80;302;1398;6;1211;181;1076;1484
1791954;org.jbehave.core.model.ExamplesTableFactoryBehaviour$null;139;154;0;0;111;1398;6;1211;181;1076;1484
1791954;org.jbehave.core.model.MetaBehaviour$null;30;29;0;0;41;1398;6;1211;181;1076;1484
1794175;org.jbehave.core.model.OutcomesTableBehaviour$null;20;27;9;10;18;1407;6;1212;189;1067;1494
1794790;org.jbehave.core.model.StoryMapsBehaviour$null;34;71;0;1;67;1408;6;1212;190;1066;1495
1794790;org.jbehave.core.model.TableTransformersBehaviour$null;9;8;1;0;61;1409;6;1212;191;1065;1495
1825638;org.jbehave.core.parsers.RegexPrefixCapturingPatternParserBehaviour$null;26;23;31;32;38;1440;6;1216;218;1034;1527
1902052;org.jbehave.core.parsers.TransformingStoryParserBehaviour$null;26;24;53;54;142;1494;6;1222;266;980;1581
1974110;org.jbehave.core.reporters.ANSIConsoleOutputBehaviour$null;20;15;69;69;133;1564;6;1225;333;910;1650
2099129;org.jbehave.core.reporters.CrossReferenceBehaviour$null;311;293;71;71;207;1635;6;1296;333;839;1721
2150652;org.jbehave.core.reporters.DelegatingStoryReporterBehaviour$null;178;130;5;5;121;1640;6;1301;333;834;1726
2160624;org.jbehave.core.reporters.FilePrintStreamFactoryBehaviour$null;27;22;4;4;18;1644;6;1301;337;830;1730
2192205;org.jbehave.core.reporters.FreemarkerViewGeneratorBehaviour$null;113;110;4;4;74;1648;6;1305;337;826;1734
2232100;org.jbehave.core.reporters.NullStoryReporterBehaviour$null;28;21;0;0;102;1648;6;1305;337;826;1734
2356273;org.jbehave.core.reporters.PostStoryStatisticsCollectorBehaviour$null;41;33;108;108;210;1756;6;1315;435;718;1842
2733675;org.jbehave.core.reporters.PrintStreamOutputBehaviour$null;493;413;286;286;661;2042;6;1601;435;432;2128
2811333;org.jbehave.core.reporters.SilentSuccessFilterBehaviour$null;153;151;43;43;134;2085;6;1644;435;389;2171
2868121;org.jbehave.core.reporters.StepFailureDecoratorBehaviour$null;155;134;16;16;119;2101;6;1660;435;373;2187
2868518;org.jbehave.core.steps.BeforeOrAfterStepBehaviour$null;129;147;0;0;0;2101;6;1660;435;373;2187
2875164;org.jbehave.core.steps.ChainedRowBehaviour$null;18;11;0;0;16;2101;6;1660;435;373;2187
3077559;org.jbehave.core.steps.CompositeStepCandidateBehaviour$null;79;79;149;149;359;2250;6;1809;435;224;2336
3087906;org.jbehave.core.steps.ConcurrencyBehaviour$null;117;146;0;0;25;2250;6;1809;435;224;2336
3106949;org.jbehave.core.steps.ConvertedParametersBehaviour$null;21;20;0;0;47;2250;6;1809;435;224;2336
3157349;org.jbehave.core.steps.InstanceStepsFactoryBehaviour$null;43;48;5;5;117;2255;6;1810;439;219;2341
3323163;org.jbehave.core.steps.ParameterConvertersBehaviour$null;164;169;85;85;327;2340;6;1895;439;134;2426
3335329;org.jbehave.core.steps.PatternVariantBuilderBehaviour$null;8;2;16;16;18;2356;6;1896;454;118;2442
3366727;org.jbehave.core.steps.PendingStepMethodGeneratorBehaviour$null;18;18;32;32;54;2388;6;1899;483;86;2474
3368881;org.jbehave.core.steps.PrintStreamStepMonitorBehaviour$null;8;6;1;1;4;2389;6;1899;483;85;2475
3556437;org.jbehave.core.steps.StepCandidateBehaviour$null;228;217;24;24;415;2413;6;1923;484;61;2499
3684519;org.jbehave.core.steps.StepCreatorBehaviour$null;442;201;25;25;270;2438;6;1948;484;36;2524
3757722;org.jbehave.core.steps.StepFinderBehaviour$null;53;42;0;0;183;2438;6;1948;484;36;2524
3765016;org.jbehave.core.steps.StepResultBehaviour$null;142;124;2;2;15;2440;6;1950;484;34;2526
3871730;org.jbehave.core.steps.StepsBehaviour$null;128;86;32;32;240;2472;6;1982;484;2;2558
