CurrentTotalRuntime;Testname;RuntimeToGetCoverage;RuntimeOriginal;KilledByTest;AnalyzedByTest;CoveredByTest;TotalKilled;TotalFailure;TotalException;TotalTimeout;LiveMutants;TotalAnalyzed
440;com.thesleepless.helium.ActionRegisterBuilderTest$null;38;31;6;10;10;6;2;4;0;297;10
1697;com.thesleepless.helium.ArticleBuilderTest$null;63;73;12;21;25;18;12;6;0;285;31
8669;com.thesleepless.helium.ArticleParserTest$null;136;175;65;80;93;83;57;25;1;220;111
8829;com.thesleepless.helium.HeliumFactoryTest$null;28;7;2;5;12;85;57;27;1;218;116
9381;com.thesleepless.helium.RegisterActionTest$null;85;85;3;8;49;88;59;28;1;215;124
9755;com.thesleepless.helium.action.ActionActionTest$null;55;37;2;7;52;90;60;29;1;213;131
10707;com.thesleepless.helium.action.ActionSetActionTest$null;75;66;8;15;56;98;60;37;1;205;146
11409;com.thesleepless.helium.action.ConstructActionTest$null;96;94;3;8;48;101;62;38;1;202;154
13533;com.thesleepless.helium.action.IncludeActionTest$null;97;86;12;26;81;113;72;40;1;190;180
15940;com.thesleepless.helium.action.IterateActionTest$null;90;65;8;22;77;121;76;43;2;182;202
16815;com.thesleepless.helium.action.ListActionTest$null;114;64;8;13;60;129;83;44;2;174;215
18200;com.thesleepless.helium.action.VarActionTest$null;96;72;5;16;96;134;87;45;2;169;231
21512;com.thesleepless.helium.action.WhenActionTest$null;140;125;23;34;88;157;102;53;2;146;265
27595;com.thesleepless.helium.ui.text.CommandLineTest$null;122;112;47;66;184;204;133;69;2;99;331
27661;com.thesleepless.helium.util.IteratorFactoryTest$null;21;1;3;3;7;207;135;70;2;96;334
27928;com.thesleepless.helium.util.TagUtilTest$null;26;7;2;8;34;209;136;71;2;94;342
28844;com.thesleepless.heliumx.net.UrlEncodeActionTest$null;89;93;8;13;60;217;140;75;2;86;355
44504;com.thesleepless.heliumx.servlet.HeliumServletTest$null;300;262;28;55;109;245;158;85;2;58;410
47380;com.thesleepless.heliumx.servlet.action.AttributeActionTest$null;196;163;12;18;75;257;167;88;2;46;428
52948;com.thesleepless.heliumx.servlet.action.CookieActionTest$null;308;241;18;28;84;275;178;95;2;28;456
53650;com.thesleepless.heliumx.servlet.action.ParameterActionTest$null;111;55;0;6;58;275;178;95;2;28;462
55809;com.thesleepless.heliumx.servlet.action.RequestActionTest$null;189;133;4;12;62;279;182;95;2;24;474
