CurrentTotalRuntime;Testname;RuntimeToGetCoverage;RuntimeOriginal;KilledByTest;AnalyzedByTest;CoveredByTest;TotalKilled;TotalFailure;TotalException;TotalTimeout;LiveMutants;TotalAnalyzed
41223;org.jbehave.core.ConfigurableEmbedderBehaviour$null;147;245;25;111;111;25;6;17;2;2413;111
41223;org.jbehave.core.InjectableEmbedderBehaviour$null;95;130;0;0;0;25;6;17;2;2413;111
135200;org.jbehave.core.configuration.AnnotationBuilderBehaviour$null;76;115;104;192;214;129;6;59;64;2309;303
135945;org.jbehave.core.configuration.KeywordsBehaviour$null;4;2;35;37;40;164;7;91;66;2274;340
139806;org.jbehave.core.configuration.ParanamerConfigurationBehaviour$null;25;29;14;43;103;178;7;91;80;2260;383
142979;org.jbehave.core.configuration.PropertyBasedConfigurationBehaviour$null;27;44;13;31;104;191;7;92;92;2247;414
147862;org.jbehave.core.configuration.UnmodifiableConfigurationBehaviour$null;38;48;1;20;104;192;7;93;92;2246;434
879178;org.jbehave.core.embedder.EmbedderBehaviour$null;6649;6795;640;640;766;832;7;733;92;1606;1074
882989;org.jbehave.core.embedder.EmbedderClassLoaderBehaviour$null;48;48;7;15;118;839;8;739;92;1599;1089
887621;org.jbehave.core.embedder.EmbedderControlsBehaviour$null;26;24;22;39;65;861;8;742;111;1577;1128
898881;org.jbehave.core.embedder.EmbedderMonitorBehaviour$null;177;171;26;26;40;887;8;768;111;1551;1154
911154;org.jbehave.core.embedder.MetaFilterBehaviour$null;404;498;31;31;51;918;8;799;111;1520;1185
919225;org.jbehave.core.embedder.StoryMapperBehaviour$null;101;106;14;14;68;932;8;813;111;1506;1199
1029795;org.jbehave.core.embedder.StoryRunnerBehaviour$null;268;313;277;277;455;1209;8;1090;111;1229;1476
1029795;org.jbehave.core.embedder.executors.ExecutorsBehaviour$null;7;4;0;0;11;1209;8;1090;111;1229;1476
1029795;org.jbehave.core.failures.FailureStrategyBehaviour$null;4;1;0;0;0;1209;8;1090;111;1229;1476
1029795;org.jbehave.core.failures.StepFailureBehaviour$null;4;2;0;0;0;1209;8;1090;111;1229;1476
1029795;org.jbehave.core.i18n.LocalizedKeywordsBehaviour$null;39;39;0;0;102;1209;8;1090;111;1229;1476
1030796;org.jbehave.core.io.CodeLocationsBehaviour$null;9;9;1;2;6;1210;8;1090;112;1228;1478
1032568;org.jbehave.core.io.IOUtilsBehaviour$null;104;119;3;3;6;1214;8;1093;113;1224;1481
1033178;org.jbehave.core.io.LoadFromRelativeFileBehaviour$null;10;7;2;3;12;1216;8;1093;115;1222;1484
1041669;org.jbehave.core.io.RelativePathCalculatorBehaviour$null;5;2;31;32;32;1248;8;1093;147;1190;1516
1061127;org.jbehave.core.io.StoryFinderBehaviour$null;31;31;31;32;42;1280;8;1094;178;1158;1548
1064181;org.jbehave.core.io.StoryLocationBehaviour$null;17;65;4;5;12;1285;8;1095;182;1153;1553
1064182;org.jbehave.core.io.StoryNameResolverBehaviour$null;7;8;0;0;6;1286;8;1095;183;1152;1553
1064182;org.jbehave.core.io.StoryPathResolverBehaviour$null;7;7;0;0;30;1286;8;1095;183;1152;1553
1064182;org.jbehave.core.io.UnderscoredToCapitalizedBehaviour$null;6;4;0;0;6;1286;8;1095;183;1152;1553
1101567;org.jbehave.core.model.ExamplesTableBehaviour$null;49;51;91;92;302;1377;8;1107;262;1060;1645
1101567;org.jbehave.core.model.ExamplesTableFactoryBehaviour$null;93;99;0;0;111;1378;8;1107;263;1060;1645
1101568;org.jbehave.core.model.MetaBehaviour$null;41;28;0;0;41;1378;8;1107;263;1060;1645
1107409;org.jbehave.core.model.OutcomesTableBehaviour$null;17;18;9;10;18;1387;8;1108;271;1051;1655
1108019;org.jbehave.core.model.StoryMapsBehaviour$null;28;29;0;1;67;1389;8;1108;272;1049;1656
1108019;org.jbehave.core.model.TableTransformersBehaviour$null;7;5;0;0;61;1389;8;1108;273;1049;1656
1130810;org.jbehave.core.parsers.RegexPrefixCapturingPatternParserBehaviour$null;20;20;32;32;38;1421;8;1110;303;1017;1688
1209680;org.jbehave.core.parsers.TransformingStoryParserBehaviour$null;20;20;53;54;142;1474;8;1118;348;964;1742
1290393;org.jbehave.core.reporters.ANSIConsoleOutputBehaviour$null;14;11;69;69;133;1544;8;1131;405;894;1811
1401145;org.jbehave.core.reporters.CrossReferenceBehaviour$null;195;231;71;71;207;1615;8;1202;405;823;1882
1451493;org.jbehave.core.reporters.DelegatingStoryReporterBehaviour$null;117;122;5;5;121;1620;8;1207;405;818;1887
1460634;org.jbehave.core.reporters.FilePrintStreamFactoryBehaviour$null;20;18;4;4;18;1624;8;1208;408;814;1891
1491935;org.jbehave.core.reporters.FreemarkerViewGeneratorBehaviour$null;99;85;4;4;74;1628;8;1212;408;810;1895
1533480;org.jbehave.core.reporters.NullStoryReporterBehaviour$null;26;19;0;0;102;1628;8;1212;408;810;1895
1662383;org.jbehave.core.reporters.PostStoryStatisticsCollectorBehaviour$null;40;29;107;108;210;1735;8;1222;505;703;2003
2039478;org.jbehave.core.reporters.PrintStreamOutputBehaviour$null;349;333;287;287;661;2023;8;1509;506;415;2290
2111246;org.jbehave.core.reporters.SilentSuccessFilterBehaviour$null;113;117;43;43;134;2066;8;1552;506;372;2333
2165781;org.jbehave.core.reporters.StepFailureDecoratorBehaviour$null;116;118;16;16;119;2082;8;1568;506;356;2349
2166177;org.jbehave.core.steps.BeforeOrAfterStepBehaviour$null;97;98;0;0;0;2082;8;1568;506;356;2349
2173018;org.jbehave.core.steps.ChainedRowBehaviour$null;16;10;0;0;16;2082;8;1568;506;356;2349
2373649;org.jbehave.core.steps.CompositeStepCandidateBehaviour$null;58;65;149;149;359;2231;8;1717;506;207;2498
2383884;org.jbehave.core.steps.ConcurrencyBehaviour$null;88;94;0;0;25;2231;8;1717;506;207;2498
2402738;org.jbehave.core.steps.ConvertedParametersBehaviour$null;14;12;0;0;47;2231;8;1717;506;207;2498
2451930;org.jbehave.core.steps.InstanceStepsFactoryBehaviour$null;38;37;6;6;117;2237;8;1717;512;201;2504
2620000;org.jbehave.core.steps.ParameterConvertersBehaviour$null;126;111;90;90;327;2327;8;1807;512;111;2594
2634153;org.jbehave.core.steps.PatternVariantBuilderBehaviour$null;4;2;16;16;18;2343;8;1810;525;95;2610
2669000;org.jbehave.core.steps.PendingStepMethodGeneratorBehaviour$null;17;12;32;32;54;2375;8;1815;551;63;2642
2671407;org.jbehave.core.steps.PrintStreamStepMonitorBehaviour$null;8;4;1;1;4;2376;8;1815;553;62;2643
2844550;org.jbehave.core.steps.StepCandidateBehaviour$null;196;174;24;24;415;2400;8;1839;553;38;2667
2960655;org.jbehave.core.steps.StepCreatorBehaviour$null;225;165;25;25;270;2425;8;1864;553;13;2692
3033634;org.jbehave.core.steps.StepFinderBehaviour$null;50;40;0;0;183;2425;8;1864;553;13;2692
3040861;org.jbehave.core.steps.StepResultBehaviour$null;105;102;2;2;15;2427;8;1866;553;11;2694
